02391803	0
00165178	1
05552607	2
05553049	3
01015244	4
06648207	5
00909363	6
07539367	7
00114095	8
01871680	9
00226618	10
04840981	11
10090498	12
02248465	13
05888929	14
10706812	15
01020005	16
10369528	17
09424489	18
09190918	19
10225219	20
06161718	21
05464104	22
05229622	23
13968547	24
00024720	25
08664443	26
01494310	27
05978159	28
01629958	29
05563770	30
05560244	31
01549420	32
06428216	33
09626589	34
02154508	35
00831651	36
10786033	37
06711159	38
06710546	39
02298471	40
00082081	41
00911350	42
10335246	43
01261712	44
00242808	45
06196584	46
06193203	47
13844212	48
02724417	49
05808218	50
05511618	51
05388805	52
01865197	53
05147940	54
02584981	55
01129977	56
02466134	57
02556126	58
00690614	59
06208751	60
01821423	61
05682950	62
02118933	63
05818741	64
01813499	65
05829782	66
02251743	67
02284803	68
03575240	69
02340543	70
01222360	71
02318464	72
02257767	73
05696425	74
01705257	75
07180570	76
02494356	77
00348746	78
00235435	79
05385161	80
02387034	81
10722385	82
00261029	83
00205046	84
00032613	85
00031921	86
14421139	87
00713167	88
00764902	89
01026262	90
05775407	91
00917772	92
00827730	93
01214171	94
04800359	95
04723816	96
00041899	97
00030358	98
00070816	99
07289014	100
01156834	101
01197980	102
01662771	103
01659248	104
02657219	105
02700104	106
00973077	107
00952963	108
06643408	109
00820976	110
05996646	111
00599992	112
06686736	113
00803815	114
02428924	115
08310389	116
01476483	117
02451370	118
07528212	119
01812324	120
03894379	121
02467662	122
07176682	123
07175241	124
00967625	125
08055150	126
10383816	127
00710005	128
01782432	129
10240082	130
05917477	131
01642924	132
15267536	133
02609764	134
14000403	135
09777353	136
00681429	137
00874806	138
02260085	139
01091905	140
05564590	141
05373790	142
07348399	143
01990281	144
01041762	145
05978623	146
04320126	147
00022686	148
02023107	149
13911151	150
13870805	151
08108972	152
08110373	153
11498203	154
11458624	155
04321534	156
03748886	157
00004227	158
00001740	159
00418903	160
02574205	161
01021420	162
06511874	163
05732756	164
00654625	165
05481095	166
05343542	167
00279835	168
01835496	169
03257343	170
01735308	171
00980453	172
00940842	173
04668819	174
04616059	175
02549847	176
02549581	177
01666717	178
01640550	179
00004605	180
00105333	181
05474346	182
05473928	183
05833840	184
01637166	185
00592883	186
14411981	187
09786922	188
01462005	189
00550282	190
04754440	191
00692329	192
00002137	193
05559908	194
05225090	195
01794668	196
10296618	197
02354287	198
02464693	199
00612160	200
00084230	201
00875394	202
01010118	203
00594058	204
07554856	205
10292316	206
10284064	207
05761380	208
05760202	209
13986679	210
01816431	211
02290956	212
05142641	213
00829107	214
01323449	215
05595083	216
06057539	217
01796346	218
07528470	219
01649999	220
01767949	221
01008801	222
01346804	223
00146138	224
00660971	225
00355547	226
00354884	227
02938886	228
03699975	229
01698271	230
00929718	231
09792237	232
05217168	233
01762839	234
00802318	235
10763245	236
10630188	237
01080366	238
00029378	239
05600637	240
05602548	241
03674440	242
02622234	243
08107499	244
07992450	245
00359614	246
01456463	247
01439190	248
01082454	249
06000644	250
10301261	251
00888009	252
00886281	253
00082308	254
03075768	255
00141806	256
00663353	257
01326291	258
00017222	259
05035961	260
00873603	261
06613056	262
10564224	263
02400378	264
00042311	265
01590747	266
00173338	267
01133876	268
01372049	269
05541645	270
05276860	271
07324673	272
00125841	273
00838098	274
00510050	275
00839619	276
01184814	277
02372605	278
00570590	279
00186616	280
02469914	281
01886756	282
00833702	283
00893955	284
03600977	285
02660147	286
01672168	287
08434259	288
02679415	289
02324478	290
01101329	291
01094725	292
01549187	293
01770802	294
01548193	295
02513269	296
14420954	297
14418395	298
00003553	299
00367685	300
01116026	301
01113068	302
00831191	303
00835267	304
00654885	305
00380083	306
01462468	307
05032565	308
05029706	309
09901143	310
13365286	311
13331778	312
02806907	313
05765415	314
00037457	315
06060845	316
01623967	317
10595647	318
02121511	319
14286549	320
14298815	321
01783158	322
01781478	323
02326355	324
01315613	325
09862345	326
02656763	327
05298729	328
02169352	329
00879759	330
04630689	331
00859153	332
00727791	333
06763681	334
05999797	335
02304982	336
06593099	337
07942152	338
00451461	339
02796412	340
02796623	341
00583990	342
02504131	343
07747455	344
09429387	345
01072236	346
00407535	347
00697589	348
00162632	349
00947077	350
05124057	351
07373602	352
00243124	353
05432948	354
05434557	355
05329735	356
05327767	357
00923995	358
01617192	359
01804961	360
10461424	361
00007347	362
01194938	363
00126264	364
10191613	365
00360650	366
00042457	367
14006945	368
01548718	369
06428646	370
05703429	371
00732552	372
02108791	373
01827858	374
10677713	375
00164816	376
10056103	377
00484166	378
00210518	379
06757057	380
00835294	381
01458302	382
05470189	383
01621555	384
02501278	385
01195867	386
00426581	387
02179279	388
04831727	389
04840011	390
03050026	391
03122748	392
05442131	393
09224911	394
01156112	395
02533313	396
10752480	397
07450651	398
02490877	399
00947439	400
07230502	401
10336234	402
10791221	403
01384439	404
01014066	405
09798534	406
06740919	407
00779061	408
01062817	409
15003969	410
07325190	411
01628449	412
06782680	413
00633443	414
00586262	415
01088923	416
02245993	417
02244956	418
00958896	419
10407726	420
09984659	421
14842091	422
02207206	423
02323286	424
05220461	425
01797051	426
13989280	427
05534333	428
01639714	429
05633385	430
05034225	431
05190804	432
01932973	433
13954253	434
00726300	435
01815185	436
14445749	437
09902954	438
03967942	439
01422886	440
01754737	441
00359238	442
03082979	443
06128570	444
05553288	445
00953559	446
01092366	447
13814041	448
10332385	449
03081021	450
02621395	451
00115157	452
02560767	453
02367363	454
01110274	455
00360143	456
01321002	457
05788149	458
00698855	459
02354537	460
01090446	461
00756331	462
00837288	463
00169651	464
00109660	465
02432530	466
01136519	467
01364008	468
01364162	469
01815628	470
01800349	471
01651444	472
00377169	473
01259691	474
07252764	475
06691442	476
00940412	477
01634424	478
01638368	479
00588998	480
10518349	481
13558696	482
01198307	483
08441203	484
00290740	485
00351638	486
00941974	487
01313923	488
01292885	489
07985223	490
07443761	491
06782019	492
01027668	493
02376089	494
01090335	495
10665698	496
00607405	497
01933900	498
01142519	499
10227985	500
07251984	501
05318831	502
05324553	503
00390215	504
03161725	505
01127245	506
01127019	507
04748836	508
02666239	509
07496463	510
07494363	511
00608808	512
05786372	513
04892084	514
02270342	515
00849357	516
06066555	517
09868270	518
13904843	519
01279631	520
04762355	521
00625393	522
00623151	523
03673971	524
01285440	525
01899262	526
01996574	527
10703905	528
02495922	529
01870889	530
00766234	531
03735637	532
01570403	533
04620216	534
01233397	535
02612762	536
05491612	537
05474738	538
05549830	539
02578008	540
05784831	541
02166460	542
02338975	543
10681557	544
02610628	545
06389230	546
01284271	547
01339505	548
00372013	549
05558717	550
00896141	551
00896497	552
00145218	553
01069391	554
10280674	555
01369663	556
00956131	557
08663354	558
08510666	559
00191142	560
00037396	561
02410855	562
02413480	563
00560893	564
00358931	565
00180413	566
00719231	567
10510339	568
00632627	569
00386915	570
01552519	571
05928513	572
00938247	573
01686439	574
10461747	575
02536557	576
07126734	577
01046932	578
00422090	579
01900150	580
00212173	581
05891783	582
05559727	583
05570129	584
02137907	585
05131283	586
01974062	587
00883611	588
02258291	589
05462057	590
05585383	591
01106808	592
10490699	593
00954608	594
09279458	595
00918872	596
02395782	597
01650610	598
00643250	599
01685313	600
04812268	601
05602132	602
13532886	603
13526110	604
02729023	605
08572467	606
10162991	607
02440244	608
05535484	609
05536370	610
05280365	611
05434927	612
13413493	613
00695226	614
05943066	615
05941423	616
01507134	617
08082236	618
07965085	619
00630026	620
06158346	621
02230772	622
00742320	623
01017987	624
01995549	625
03005920	626
02645007	627
05121418	628
11414608	629
00701040	630
00043411	631
06095022	632
00359903	633
11412727	634
11410625	635
13518963	636
04897762	637
02080577	638
04792127	639
00908351	640
07252206	641
02560164	642
01761706	643
14037011	644
01311378	645
03302121	646
07214432	647
02128066	648
04849241	649
00941777	650
00908492	651
00363260	652
00351485	653
01332730	654
04151940	655
04693384	656
01210737	657
01206218	658
01015866	659
06685198	660
01275562	661
02500884	662
00882948	663
00856824	664
01241331	665
00904690	666
01545883	667
02604760	668
05831939	669
01789514	670
14445379	671
13920835	672
04836683	673
02406916	674
06806469	675
00836236	676
05576194	677
09612848	678
05311054	679
05317354	680
05496990	681
05299927	682
14311348	683
14299637	684
00644503	685
00635850	686
00588221	687
00532892	688
01024190	689
06766190	690
01771535	691
00026192	692
05593017	693
05275651	694
05545047	695
05542893	696
01109467	697
02257370	698
05945642	699
04631067	700
10418841	701
00766418	702
00745637	703
00745005	704
10794014	705
05200169	706
00875141	707
06671637	708
14322699	709
00065070	710
00368109	711
13989051	712
02460502	713
00631391	714
07139700	715
06252138	716
01685601	717
01104637	718
01059123	719
07296428	720
14485526	721
01009240	722
00055539	723
00055142	724
00841628	725
01191838	726
03055809	727
00612612	728
00023271	729
01209678	730
02127613	731
00987071	732
01001294	733
00906367	734
00642098	735
06004067	736
00116376	737
00327031	738
00006484	739
00355252	740
05869584	741
05867413	742
00964343	743
06193727	744
05495172	745
05605192	746
05075602	747
01711749	748
02293321	749
10001058	750
00280586	751
01850315	752
03269401	753
04413151	754
09831962	755
00007846	756
00712135	757
09887034	758
01260867	759
01380638	760
01354673	761
01057200	762
02625016	763
02200686	764
10025730	765
01293389	766
07988857	767
00548802	768
02231661	769
00209943	770
00352826	771
07252378	772
00765649	773
00112997	774
01231252	775
07514345	776
07513508	777
10160012	778
01209953	779
05566504	780
01904930	781
00283568	782
01311103	783
10012989	784
10721470	785
04254777	786
03540267	787
06206800	788
13570574	789
00256507	790
10421956	791
04833276	792
00682230	793
00240293	794
05090441	795
00148978	796
02439501	797
01802219	798
00239910	799
01016832	800
00939277	801
01082606	802
01239064	803
02578510	804
04846770	805
05565696	806
09629065	807
09628382	808
02167052	809
01374582	810
00595630	811
05785067	812
05579944	813
07515790	814
01765392	815
08060446	816
02425913	817
00211110	818
07199565	819
00815686	820
04759849	821
00013160	822
04782878	823
00644839	824
05343718	825
05333777	826
06740644	827
00034213	828
00029677	829
00210797	830
01557774	831
01370590	832
02035337	833
09623038	834
01440801	835
01817500	836
05166805	837
00835903	838
06756407	839
07951464	840
09469285	841
00015388	842
08063446	843
08059870	844
09774783	845
00876332	846
06367373	847
00116619	848
02981759	849
00883297	850
00253761	851
00171852	852
01697816	853
00482473	854
10160412	855
00055871	856
00315986	857
01435380	858
05849284	859
02697950	860
00661824	861
00662182	862
10102800	863
00054628	864
01632411	865
06740183	866
00896803	867
02453889	868
06400510	869
05128519	870
00874067	871
02553697	872
05314255	873
05492259	874
02308741	875
10670310	876
01002956	877
05468849	878
05469032	879
03722007	880
00921738	881
00140652	882
00127531	883
00227507	884
08482271	885
08199025	886
06037298	887
09855630	888
00661091	889
00657604	890
01635176	891
01629276	892
02540670	893
10583250	894
05479314	895
00779601	896
15274074	897
02376429	898
01022008	899
00770437	900
00156390	901
00019792	902
09821253	903
05305614	904
05297523	905
07993109	906
02665803	907
01792567	908
05830059	909
04626280	910
00853776	911
02515214	912
02513740	913
00258665	914
00376400	915
09632518	916
01894758	917
01895630	918
10686313	919
01814815	920
05342214	921
00776523	922
04687333	923
00689205	924
00539546	925
00835032	926
13440063	927
01041111	928
00886978	929
01661243	930
01654628	931
00205885	932
00668099	933
01806505	934
00190999	935
14841267	936
06398401	937
05563266	938
05578095	939
00506299	940
07283608	941
02518161	942
04910377	943
01240210	944
00433778	945
00151689	946
02554922	947
00879356	948
01076615	949
01211699	950
00651991	951
05418717	952
02261464	953
06741099	954
00575741	955
02407987	956
01549291	957
02037272	958
05475681	959
00588888	960
05503705	961
05380697	962
00261705	963
03932203	964
13859043	965
07491981	966
07491708	967
02586121	968
05194043	969
00019448	970
02539788	971
01129532	972
10399299	973
00903385	974
05395548	975
05395286	976
04673965	977
00199130	978
00142191	979
03384535	980
01761120	981
01212572	982
13524925	983
13455487	984
13247554	985
13244109	986
05548840	987
01239359	988
02294179	989
01085098	990
04693900	991
01309143	992
01647229	993
01641914	994
01130169	995
01128193	996
00598954	997
05540121	998
05230603	999
02589576	1000
00798245	1001
02376277	1002
02106506	1003
02868326	1004
13278375	1005
01999423	1006
01999218	1007
01955508	1008
01950798	1009
01241767	1010
00908909	1011
07938773	1012
00031264	1013
02820210	1014
05313535	1015
00662589	1016
00584367	1017
00582388	1018
04544979	1019
01882170	1020
00112312	1021
01447632	1022
01089483	1023
01775535	1024
01459422	1025
13940456	1026
02397637	1027
00887463	1028
13253612	1029
13253255	1030
05501185	1031
05500992	1032
00607780	1033
10483890	1034
01881696	1035
00685638	1036
04863969	1037
00442267	1038
14481080	1039
05532795	1040
05328867	1041
05802185	1042
00637259	1043
00143251	1044
00230276	1045
00071178	1046
00421437	1047
00081836	1048
00081572	1049
01474513	1050
01612053	1051
00680841	1052
05305806	1053
00061290	1054
01955127	1055
14578471	1056
00803325	1057
00955148	1058
00928630	1059
00119074	1060
05748285	1061
02486932	1062
06733939	1063
07208338	1064
07160883	1065
00043195	1066
01637982	1067
02242464	1068
01636397	1069
08420278	1070
08054721	1071
06740402	1072
01646866	1073
09184975	1074
00765977	1075
02284951	1076
13299651	1077
05651399	1078
00610010	1079
00988028	1080
01981699	1081
00431552	1082
00426928	1083
14287113	1084
01322675	1085
10080869	1086
10399491	1087
00604576	1088
00040152	1089
05784242	1090
00628491	1091
01830946	1092
01035530	1093
00805376	1094
03093792	1095
00240131	1096
02309341	1097
02116118	1098
00245457	1099
00050693	1100
04637923	1101
11083656	1102
02551602	1103
06136258	1104
02475922	1105
02128286	1106
04826771	1107
00784533	1108
10724699	1109
01822936	1110
07505047	1111
07326557	1112
07323922	1113
00905399	1114
11415084	1115
05849040	1116
00156625	1117
02585050	1118
02138659	1119
04677514	1120
07170753	1121
13365698	1122
02217695	1123
02375131	1124
00813044	1125
02107248	1126
01282014	1127
04729328	1128
01012712	1129
00630380	1130
05785508	1131
05250659	1132
05254197	1133
13932421	1134
02343056	1135
02787772	1136
13489037	1137
00094460	1138
01844431	1139
01640855	1140
00035189	1141
00686447	1142
02199590	1143
02733187	1144
05395690	1145
02163746	1146
00880269	1147
01207609	1148
02555434	1149
05541231	1150
05232691	1151
05804491	1152
05803379	1153
05838176	1154
00699815	1155
00495998	1156
02428487	1157
00834198	1158
02036578	1159
01818835	1160
01818235	1161
05634219	1162
01634142	1163
03129123	1164
00494907	1165
00150202	1166
05300231	1167
05299178	1168
00583461	1169
10631941	1170
01478002	1171
02373015	1172
00419644	1173
00418025	1174
07974025	1175
02333225	1176
15266911	1177
02150948	1178
02129289	1179
06684383	1180
06598915	1181
02623529	1182
11665372	1183
01631534	1184
07121361	1185
13367070	1186
02281093	1187
00431826	1188
13470491	1189
05461816	1190
05237227	1191
05578442	1192
02713097	1193
13504173	1194
05704096	1195
02170427	1196
00773402	1197
02567519	1198
02589013	1199
00878636	1200
02171039	1201
10165448	1202
06694540	1203
06693198	1204
14412882	1205
01194238	1206
04016240	1207
04016576	1208
07160296	1209
07160116	1210
01506157	1211
02554647	1212
00237078	1213
00404642	1214
00900070	1215
00899927	1216
14315192	1217
00916909	1218
10474446	1219
02122164	1220
14331873	1221
02291843	1222
01190948	1223
04910973	1224
01808626	1225
01808769	1226
01333301	1227
10555679	1228
09781504	1229
00562398	1230
02448185	1231
08008335	1232
00123170	1233
02327200	1234
00411020	1235
05216365	1236
02472293	1237
02507736	1238
03247620	1239
14778436	1240
01310660	1241
10577284	1242
05436752	1243
08459252	1244
02853218	1245
03839993	1246
02343595	1247
01635056	1248
05946687	1249
00683280	1250
01658188	1251
05289861	1252
05459769	1253
05585665	1254
01878466	1255
01871979	1256
02530861	1257
07544647	1258
04946553	1259
04916342	1260
00925873	1261
00402130	1262
10205985	1263
09610660	1264
05320362	1265
02698944	1266
05217859	1267
10549510	1268
10522759	1269
09476521	1270
04202417	1271
02325968	1272
02766534	1273
02260362	1274
10309896	1275
14324274	1276
00927049	1277
00672433	1278
10150794	1279
08101410	1280
08550076	1281
08651247	1282
00157081	1283
02385634	1284
02408965	1285
00044150	1286
00282050	1287
07211752	1288
07208708	1289
10789963	1290
01256600	1291
00660571	1292
01181475	1293
01821996	1294
00024264	1295
07201804	1296
00989084	1297
04827652	1298
04850589	1299
00739340	1300
05570839	1301
05289297	1302
01001689	1303
00199707	1304
01667132	1305
05284851	1306
05269901	1307
00137313	1308
00939035	1309
06765044	1310
00185104	1311
00044673	1312
00696189	1313
00644583	1314
05493303	1315
01560731	1316
05480794	1317
13961642	1318
04850117	1319
13792579	1320
01212519	1321
00895304	1322
07285403	1323
00121046	1324
09769636	1325
01666327	1326
10584318	1327
04662951	1328
01194483	1329
05827253	1330
01759326	1331
05736149	1332
08053576	1333
10756433	1334
01635432	1335
15145171	1336
00248026	1337
09608709	1338
10138767	1339
02436349	1340
01211019	1341
00907930	1342
00972621	1343
00955060	1344
02548710	1345
10671898	1346
01012360	1347
01089878	1348
00064095	1349
01813884	1350
00648977	1351
05837957	1352
02603540	1353
05529286	1354
02730135	1355
02635659	1356
07246036	1357
07245125	1358
03746574	1359
02749778	1360
02607909	1361
14007546	1362
05702726	1363
14412725	1364
01350449	1365
01375637	1366
00914632	1367
01629000	1368
02468793	1369
13810323	1370
02950154	1371
01644050	1372
00238527	1373
01631830	1374
05919866	1375
02991302	1376
02685299	1377
09608002	1378
01261974	1379
01977155	1380
05677952	1381
02102484	1382
02103481	1383
00608502	1384
00650353	1385
09614684	1386
01129876	1387
00949134	1388
00947128	1389
00611256	1390
01028748	1391
10720453	1392
00611802	1393
00715074	1394
01253060	1395
05485314	1396
00658082	1397
10776339	1398
09631463	1399
02451113	1400
00240184	1401
01642437	1402
13929852	1403
01643657	1404
00609683	1405
02624263	1406
01148283	1407
00999817	1408
00699626	1409
01069190	1410
00868910	1411
00926472	1412
05225602	1413
05540513	1414
05545212	1415
05761918	1416
02662297	1417
13792692	1418
01098869	1419
05285623	1420
05286536	1421
05624700	1422
00723056	1423
00722232	1424
01769902	1425
01013434	1426
02399331	1427
01230965	1428
01019372	1429
00958334	1430
05199869	1431
05199286	1432
09985279	1433
02658283	1434
02519555	1435
00004475	1436
02614181	1437
01323355	1438
00950431	1439
10524973	1440
06749881	1441
00090186	1442
14285662	1443
05813229	1444
01775164	1445
01970826	1446
09952163	1447
01647867	1448
00748282	1449
00740577	1450
01820302	1451
01072072	1452
02566528	1453
02510446	1454
00894738	1455
00635205	1456
01680756	1457
01686132	1458
05930736	1459
02712243	1460
01777817	1461
09771435	1462
01898129	1463
13812607	1464
10235549	1465
05462315	1466
05504532	1467
01463963	1468
00713818	1469
05318606	1470
07423365	1471
02626604	1472
00021939	1473
02684924	1474
09178821	1475
00023773	1476
00958880	1477
01872645	1478
13941337	1479
02634265	1480
01588493	1481
07270179	1482
00634472	1483
07975026	1484
03563967	1485
10401639	1486
02734192	1487
06075527	1488
07042735	1489
07050619	1490
04618781	1491
04869569	1492
00163779	1493
05786184	1494
00704388	1495
02418872	1496
00763399	1497
01644522	1498
05868477	1499
07248801	1500
00976653	1501
05138488	1502
03100490	1503
04905188	1504
07553964	1505
00283127	1506
05444324	1507
00981083	1508
06732013	1509
02387486	1510
06364329	1511
02661252	1512
05675130	1513
01126961	1514
13583724	1515
07048000	1516
07037465	1517
01115162	1518
00607775	1519
00101779	1520
02274299	1521
00789534	1522
00898518	1523
05568767	1524
05993844	1525
05989479	1526
07527352	1527
00079398	1528
00773814	1529
00859325	1530
00739662	1531
00905677	1532
06552639	1533
05806623	1534
05908520	1535
00707956	1536
01824244	1537
01825671	1538
02143539	1539
01238424	1540
00991838	1541
04999741	1542
04660536	1543
07212424	1544
07212190	1545
01149494	1546
00199309	1547
01796800	1548
01796519	1549
10509161	1550
13955461	1551
00744758	1552
05555688	1553
01096454	1554
00908621	1555
06346681	1556
06346461	1557
09882007	1558
09882716	1559
02255462	1560
00432683	1561
05111835	1562
00056334	1563
00849982	1564
06367107	1565
07534430	1566
01797347	1567
04922113	1568
00322457	1569
15140405	1570
15144371	1571
07963987	1572
07963711	1573
06013741	1574
01834304	1575
06037666	1576
00559102	1577
11452218	1578
01620854	1579
02842445	1580
06171040	1581
01206553	1582
01206153	1583
01968569	1584
07370671	1585
05599617	1586
05805475	1587
05804793	1588
05755883	1589
05752544	1590
02346895	1591
00674607	1592
02541509	1593
09622302	1594
02210855	1595
09764201	1596
00996969	1597
07151892	1598
07151380	1599
00428270	1600
10522035	1601
02145543	1602
05822746	1603
02504562	1604
02506546	1605
00040962	1606
13928668	1607
05650579	1608
00284798	1609
10634316	1610
02556817	1611
01215168	1612
01095218	1613
01753788	1614
01668603	1615
00165942	1616
00014549	1617
05693919	1618
05854150	1619
04999401	1620
05734559	1621
13760316	1622
13576355	1623
04773596	1624
01213886	1625
01071411	1626
00872886	1627
01118449	1628
00964569	1629
13969700	1630
01183573	1631
04876985	1632
10434725	1633
05559256	1634
00131426	1635
00096343	1636
02550868	1637
01771390	1638
00670261	1639
10066732	1640
08164585	1641
01127623	1642
10592397	1643
03385117	1644
01896478	1645
03721797	1646
00603298	1647
03740161	1648
13773539	1649
02349212	1650
02128653	1651
10633450	1652
01072780	1653
02106006	1654
01567275	1655
05601198	1656
02877704	1657
01363648	1658
01906322	1659
06549661	1660
00802946	1661
00278810	1662
01201089	1663
02872333	1664
04099175	1665
07290905	1666
00149262	1667
01344293	1668
01012073	1669
01011725	1670
00900581	1671
01619725	1672
01724459	1673
01619354	1674
00772189	1675
07532440	1676
10296832	1677
10752093	1678
09802050	1679
01319874	1680
13989863	1681
10077593	1682
01981036	1683
02055062	1684
06528783	1685
06472025	1686
00948206	1687
01627947	1688
00545557	1689
13988663	1690
13572436	1691
02942769	1692
02247977	1693
00045907	1694
02286204	1695
02550296	1696
01429349	1697
07452348	1698
07450842	1699
13970764	1700
00294884	1701
01058574	1702
06762711	1703
05562249	1704
05573895	1705
03779370	1706
01744611	1707
02511551	1708
03201208	1709
00038849	1710
07535670	1711
04164989	1712
00611433	1713
05344514	1714
05309725	1715
08660339	1716
14379829	1717
00345761	1718
05761559	1719
00631737	1720
04806804	1721
05142180	1722
13773361	1723
02220461	1724
03377582	1725
00455348	1726
00940709	1727
06762380	1728
01113867	1729
02260770	1730
01198101	1731
00196485	1732
02123812	1733
02618149	1734
00730052	1735
00081725	1736
10707233	1737
03728811	1738
02161432	1739
05753564	1740
09802239	1741
10524223	1742
00694068	1743
01226240	1744
01284461	1745
10737431	1746
01590171	1747
05314639	1748
05651680	1749
00664110	1750
00838856	1751
00907147	1752
05544575	1753
10670668	1754
01123148	1755
10090020	1756
09609232	1757
01492052	1758
14419164	1759
10309347	1760
00252019	1761
07138915	1762
00689344	1763
01249315	1764
07355887	1765
00441445	1766
01645601	1767
09633969	1768
06687178	1769
00806502	1770
02735897	1771
00378985	1772
00394813	1773
00772967	1774
00002684	1775
00001930	1776
10592595	1777
10745894	1778
06648724	1779
01732172	1780
10212780	1781
01191645	1782
00672017	1783
06528992	1784
03485997	1785
01224001	1786
01295275	1787
01070102	1788
01627355	1789
00611481	1790
06741305	1791
00893741	1792
00069879	1793
00064643	1794
05313822	1795
05314919	1796
00912960	1797
02157100	1798
00877127	1799
00876874	1800
02444662	1801
01139194	1802
07340249	1803
00169806	1804
00205891	1805
04792357	1806
02107588	1807
05776212	1808
02551832	1809
10553805	1810
02766328	1811
00070641	1812
05509889	1813
08402442	1814
15265518	1815
02608347	1816
04485226	1817
15109745	1818
00020827	1819
04852750	1820
04852088	1821
03335030	1822
10773394	1823
00224901	1824
00362355	1825
02331262	1826
00522751	1827
01336635	1828
02887970	1829
03597469	1830
00851239	1831
01261490	1832
00931040	1833
01089778	1834
01086081	1835
04007664	1836
03183080	1837
00064889	1838
07286905	1839
01822248	1840
02655135	1841
02577061	1842
01180695	1843
04683453	1844
00164345	1845
01083077	1846
07487695	1847
01762283	1848
10251779	1849
00602255	1850
01340439	1851
00147595	1852
10729175	1853
08419163	1854
01207951	1855
00644967	1856
02426395	1857
13962166	1858
10107303	1859
02150510	1860
05112609	1861
02335828	1862
00583239	1863
01769843	1864
01712704	1865
08058098	1866
09465459	1867
01385458	1868
00489837	1869
01074650	1870
05999266	1871
05809192	1872
05840650	1873
04735233	1874
05511286	1875
00657260	1876
00198451	1877
01633343	1878
00844254	1879
01723690	1880
06157326	1881
03733925	1882
05305136	1883
05240850	1884
01432474	1885
05302499	1886
01198779	1887
03571155	1888
00971650	1889
01989873	1890
00387657	1891
00383390	1892
06757891	1893
00774107	1894
08406486	1895
02427103	1896
00781000	1897
05051896	1898
08624656	1899
08621598	1900
13085864	1901
00634906	1902
10578762	1903
00003316	1904
00836788	1905
05273822	1906
05546383	1907
13969243	1908
00483181	1909
08103457	1910
05501485	1911
01123598	1912
05544906	1913
07417043	1914
00485609	1915
06633692	1916
06628861	1917
10423589	1918
07467846	1919
10716005	1920
02563860	1921
03017922	1922
00190115	1923
09877587	1924
02869563	1925
04576211	1926
01107932	1927
08189659	1928
09629752	1929
10583916	1930
10351874	1931
03281145	1932
01321230	1933
07414740	1934
05367912	1935
00834259	1936
05264756	1937
06880249	1938
04203705	1939
03211789	1940
01640207	1941
00933566	1942
00924825	1943
01653442	1944
07452841	1945
04231693	1946
02348568	1947
00770270	1948
02169891	1949
01120069	1950
00606370	1951
00892467	1952
01121690	1953
05229990	1954
04451473	1955
04877421	1956
01298931	1957
01762528	1958
01555742	1959
14757848	1960
05277728	1961
13971561	1962
05445668	1963
02285629	1964
01820901	1965
01221790	1966
01228877	1967
06333653	1968
01170962	1969
02379528	1970
10425946	1971
02603699	1972
05289057	1973
05267548	1974
02219094	1975
02642814	1976
05367341	1977
01828736	1978
00422551	1979
01023820	1980
01787955	1981
04841358	1982
00638981	1983
02469274	1984
04906273	1985
02542795	1986
05544725	1987
07286368	1988
00871942	1989
00516086	1990
02760116	1991
05591256	1992
03533486	1993
01656788	1994
05541872	1995
13987423	1996
09930257	1997
07480068	1998
00113113	1999
01447257	2000
05301072	2001
05301392	2002
01516071	2003
06372095	2004
10075529	2005
07213395	2006
07491038	2007
01205827	2008
01202904	2009
00411009	2010
00050195	2011
02728784	2012
09912995	2013
10412055	2014
05576573	2015
02034986	2016
14422179	2017
01647672	2018
03154073	2019
06551784	2020
06479665	2021
05502556	2022
05303402	2023
01557614	2024
00556193	2025
01247647	2026
00904046	2027
00093483	2028
04546855	2029
02734217	2030
02219940	2031
10466198	2032
01751545	2033
01708676	2034
00430370	2035
10045454	2036
01096497	2037
01725712	2038
07480896	2039
04733640	2040
00344125	2041
01309701	2042
05256085	2043
05254795	2044
05658826	2045
01556921	2046
13089631	2047
01127215	2048
05593654	2049
14452294	2050
04829550	2051
14050143	2052
00486018	2053
07291312	2054
01348530	2055
00696518	2056
00077419	2057
01193721	2058
13580723	2059
01111016	2060
02099019	2061
01057759	2062
00926702	2063
05426989	2064
00594621	2065
09179776	2066
01613239	2067
01119169	2068
02131072	2069
00484892	2070
00655779	2071
00900616	2072
01053207	2073
01051331	2074
13989627	2075
00342980	2076
14548343	2077
00091968	2078
00882159	2079
09962966	2080
10476086	2081
01189282	2082
05237755	2083
09257949	2084
00787465	2085
02608823	2086
03180969	2087
05194578	2088
01120448	2089
00806314	2090
04734885	2091
05770664	2092
02609203	2093
04033995	2094
04250026	2095
13549672	2096
00905852	2097
02286687	2098
09801864	2099
00272878	2100
00192051	2101
05827684	2102
05816287	2103
01721169	2104
00672277	2105
00339934	2106
07314277	2107
04713332	2108
04712735	2109
01867502	2110
00829761	2111
10058411	2112
07423001	2113
04761212	2114
04760771	2115
05455912	2116
05430628	2117
07495327	2118
00602805	2119
07521674	2120
07300960	2121
00429968	2122
01246579	2123
00956687	2124
06748969	2125
06722453	2126
00503164	2127
01904845	2128
13458571	2129
07565259	2130
02389346	2131
02298160	2132
00140123	2133
07150850	2134
06260121	2135
05543917	2136
00812580	2137
07140978	2138
05537576	2139
09304750	2140
00069295	2141
00927017	2142
01259458	2143
05616246	2144
00084562	2145
00497705	2146
07510625	2147
09621545	2148
02238085	2149
05804274	2150
05233420	2151
00728849	2152
05705184	2153
01157517	2154
04669247	2155
07526757	2156
07939638	2157
05952979	2158
07138085	2159
07366289	2160
05385534	2161
01912893	2162
01215392	2163
05171045	2164
01604696	2165
05329215	2166
07177924	2167
06770275	2168
05510702	2169
05556943	2170
05154908	2171
00598215	2172
07409592	2173
00043765	2174
13954818	2175
01215902	2176
01023259	2177
07324380	2178
00923321	2179
01463965	2180
07313636	2181
02551144	2182
05537806	2183
02713218	2184
09979589	2185
00826509	2186
00596644	2187
05984584	2188
00961329	2189
10428004	2190
10560637	2191
06783598	2192
02735418	2193
05339357	2194
02547586	2195
04713428	2196
09848489	2197
02374914	2198
02727883	2199
01070777	2200
10658304	2201
01702514	2202
00394610	2203
00391599	2204
02897524	2205
10264219	2206
05473104	2207
00740053	2208
04519536	2209
01093172	2210
02232190	2211
05228020	2212
05835747	2213
01996377	2214
01165692	2215
01146576	2216
10483530	2217
00959731	2218
01084637	2219
00933821	2220
01432353	2221
00652346	2222
04096848	2223
00763901	2224
05692419	2225
05793000	2226
02112891	2227
02111684	2228
10059162	2229
06063588	2230
06045562	2231
13279262	2232
06470073	2233
00666510	2234
05869857	2235
10351281	2236
00739082	2237
05770926	2238
05485554	2239
05340795	2240
00760956	2241
09624559	2242
05332225	2243
03906997	2244
09979321	2245
01158872	2246
00079018	2247
01178565	2248
01182709	2249
02982790	2250
05433496	2251
07543288	2252
05790242	2253
00676450	2254
10421470	2255
08081403	2256
00523513	2257
05168261	2258
05773923	2259
05772356	2260
10626867	2261
00248977	2262
02301502	2263
04080833	2264
02895606	2265
13575869	2266
00033615	2267
00351963	2268
05148699	2269
05495981	2270
10279018	2271
05372428	2272
10261041	2273
00094001	2274
05320899	2275
01008378	2276
07291794	2277
05789432	2278
05551711	2279
07357388	2280
07359599	2281
09824361	2282
09617867	2283
08419562	2284
00911562	2285
00656576	2286
02569130	2287
14451349	2288
10717589	2289
00151497	2290
01994442	2291
00053913	2292
02125223	2293
05598147	2294
04184095	2295
13580415	2296
02669789	2297
00849788	2298
00849332	2299
10256537	2300
05236152	2301
01042531	2302
00941990	2303
05315095	2304
05327134	2305
00045250	2306
07050177	2307
01970646	2308
00558371	2309
06547059	2310
11567411	2311
00684480	2312
09821831	2313
00476819	2314
00067274	2315
00121366	2316
09812338	2317
09614315	2318
14004317	2319
09609871	2320
05597594	2321
07976936	2322
00779360	2323
00100543	2324
01754576	2325
07997703	2326
00688377	2327
05549061	2328
01366718	2329
01363613	2330
02051694	2331
05280998	2332
02446164	2333
00094240	2334
00903711	2335
00483146	2336
07941170	2337
00927261	2338
05195362	2339
00924431	2340
00923793	2341
07203126	2342
01722447	2343
02332999	2344
02302817	2345
10495555	2346
08111157	2347
01731031	2348
05828263	2349
02726017	2350
00248659	2351
00532607	2352
00932624	2353
00925207	2354
06767035	2355
04871720	2356
05810948	2357
00090779	2358
00918312	2359
08103777	2360
08106934	2361
00940384	2362
08401554	2363
05833371	2364
00829378	2365
02979722	2366
05143690	2367
06727616	2368
03038281	2369
03323703	2370
05397468	2371
02851001	2372
01151097	2373
05473735	2374
02699141	2375
02130160	2376
01046984	2377
01474209	2378
01992503	2379
07272172	2380
01029852	2381
02144644	2382
02479990	2383
10018861	2384
01772960	2385
06199702	2386
10786517	2387
15047313	2388
10741821	2389
01999798	2390
00543233	2391
13872421	2392
13864965	2393
10407954	2394
01369758	2395
09979072	2396
00339464	2397
07423560	2398
00352558	2399
10438172	2400
00002325	2401
02471762	2402
02064745	2403
00721098	2404
07514968	2405
05610008	2406
05249636	2407
01150938	2408
09784443	2409
00156812	2410
10681194	2411
02619924	2412
05194151	2413
05117660	2414
05093890	2415
04895246	2416
04847991	2417
07536870	2418
01743217	2419
05532225	2420
02306462	2421
00593944	2422
09630641	2423
10708454	2424
03110322	2425
00002573	2426
01738774	2427
00027705	2428
05294606	2429
05849789	2430
00301187	2431
01282545	2432
00429060	2433
02056880	2434
07537068	2435
00364479	2436
07109196	2437
07109019	2438
04599396	2439
00788097	2440
06373747	2441
02621853	2442
01734300	2443
01237167	2444
10743124	2445
01627965	2446
00922327	2447
10624540	2448
01906823	2449
05567217	2450
07151122	2451
03045074	2452
06420781	2453
08648322	2454
01563005	2455
06043075	2456
00250259	2457
05604535	2458
09939313	2459
00991151	2460
00678010	2461
01667304	2462
05615500	2463
05614175	2464
07121157	2465
00913065	2466
06687701	2467
06687358	2468
03892891	2469
00920336	2470
05301908	2471
02463403	2472
01989669	2473
05497363	2474
06552984	2475
05293597	2476
05546540	2477
05547508	2478
02154312	2479
10271216	2480
06763273	2481
01020934	2482
01220984	2483
00381680	2484
00376063	2485
09885145	2486
00244625	2487
05386845	2488
10466918	2489
07490713	2490
01127795	2491
06773976	2492
09928451	2493
00590518	2494
00589624	2495
01322509	2496
10399130	2497
02316304	2498
02110220	2499
05758059	2500
07319909	2501
00528990	2502
01027379	2503
06742426	2504
01921204	2505
02440523	2506
06750154	2507
05755156	2508
13777344	2509
01049462	2510
01782519	2511
00638585	2512
05556204	2513
01544692	2514
05405554	2515
00822367	2516
00686890	2517
00645415	2518
01741446	2519
00916464	2520
10355449	2521
05705355	2522
00797697	2523
05538625	2524
07201365	2525
00061598	2526
05701363	2527
02707429	2528
05601758	2529
02630189	2530
00704690	2531
04250850	2532
10053808	2533
10689564	2534
06226057	2535
01096245	2536
05766247	2537
00721437	2538
02747709	2539
01105259	2540
00252990	2541
00056930	2542
00042541	2543
00732960	2544
02537960	2545
10605985	2546
13809207	2547
05467054	2548
05467432	2549
05864177	2550
07969695	2551
07950920	2552
02115778	2553
01873942	2554
05829342	2555
01211098	2556
01226215	2557
00765213	2558
09800249	2559
02455407	2560
00931453	2561
01895219	2562
02561332	2563
13956488	2564
04726938	2565
02743261	2566
00075135	2567
07203696	2568
10214637	2569
05609884	2570
01230710	2571
02671880	2572
02667900	2573
00385791	2574
00383606	2575
00880662	2576
00046522	2577
03748162	2578
04868748	2579
01796582	2580
02611630	2581
00136991	2582
00976365	2583
00975902	2584
10099375	2585
07208930	2586
09773962	2587
01478423	2588
01074694	2589
01653873	2590
01085793	2591
10728624	2592
05281189	2593
00062451	2594
07309781	2595
00332835	2596
02031158	2597
00099951	2598
02230056	2599
02128873	2600
01115349	2601
02550460	2602
02528163	2603
01209220	2604
13331634	2605
02202384	2606
05465868	2607
05478336	2608
05476256	2609
05765159	2610
05701944	2611
04519153	2612
00388065	2613
07311115	2614
10415638	2615
13913566	2616
13860793	2617
02915055	2618
02952275	2619
00084738	2620
05779371	2621
07209965	2622
05779712	2623
07372565	2624
05474976	2625
00747418	2626
00893167	2627
07529563	2628
00170844	2629
00059552	2630
04081844	2631
13503908	2632
09849598	2633
07292694	2634
01108753	2635
13095685	2636
13086908	2637
00607114	2638
01770501	2639
14403282	2640
05584928	2641
05272110	2642
04828255	2643
05845140	2644
05544432	2645
07339329	2646
07373277	2647
01740892	2648
06743362	2649
05338410	2650
01355326	2651
02130300	2652
05462674	2653
02598211	2654
00232542	2655
10126177	2656
03953020	2657
08436759	2658
00789906	2659
08069878	2660
00257269	2661
02945820	2662
10590339	2663
01062997	2664
04898437	2665
01394464	2666
01990694	2667
01108148	2668
05138208	2669
00239230	2670
02426171	2671
10431625	2672
00249501	2673
05341920	2674
00040325	2675
05702275	2676
02224055	2677
00767826	2678
05538016	2679
14446161	2680
05750657	2681
01131043	2682
01624633	2683
10363913	2684
07202579	2685
02204692	2686
00011757	2687
00965035	2688
06681551	2689
13864153	2690
07218470	2691
00038750	2692
09764900	2693
03303965	2694
06598445	2695
02152812	2696
04424418	2697
01790020	2698
05823932	2699
04713118	2700
00932088	2701
02374149	2702
05274590	2703
09222051	2704
00552841	2705
07200527	2706
10660333	2707
04933544	2708
02598143	2709
00604811	2710
10694258	2711
08549070	2712
00597915	2713
05534174	2714
05248181	2715
02290461	2716
01229938	2717
10418101	2718
10209246	2719
14547369	2720
14052046	2721
10515194	2722
00381601	2723
00727573	2724
14317720	2725
00902424	2726
09678009	2727
01151407	2728
04060647	2729
02333689	2730
01127379	2731
03840327	2732
00712708	2733
09681351	2734
00078760	2735
03109399	2736
06504462	2737
02554422	2738
00512186	2739
07150644	2740
07342049	2741
04627000	2742
02056466	2743
00071646	2744
05542539	2745
09767197	2746
01075164	2747
05279688	2748
06078327	2749
08060193	2750
07180183	2751
07546125	2752
03664514	2753
00794079	2754
08239808	2755
08231184	2756
02858231	2757
00334186	2758
05517578	2759
02376958	2760
13928388	2761
03294833	2762
00999815	2763
05268965	2764
02479323	2765
00799383	2766
00875246	2767
01867295	2768
07553301	2769
07372959	2770
00059127	2771
01797204	2772
06252743	2773
10637635	2774
05785885	2775
02344060	2776
00734054	2777
05577190	2778
05221895	2779
10308504	2780
10373801	2781
10372373	2782
00163592	2783
13308864	2784
00147187	2785
01093587	2786
00206998	2787
00048374	2788
01032040	2789
07190290	2790
10509605	2791
04617562	2792
07248060	2793
07247071	2794
05923983	2795
05217688	2796
00089351	2797
04659287	2798
10624310	2799
00159177	2800
02034828	2801
00903668	2802
05329533	2803
10269458	2804
00171590	2805
05313115	2806
05426243	2807
00091311	2808
00119524	2809
08478482	2810
00734587	2811
05986948	2812
01131473	2813
00726784	2814
05733583	2815
01205961	2816
14051917	2817
14034177	2818
06374587	2819
06362953	2820
00955601	2821
05271383	2822
02646072	2823
02679899	2824
10740219	2825
02073714	2826
06634376	2827
05594037	2828
01018630	2829
10693824	2830
01036333	2831
01030820	2832
02389592	2833
02458103	2834
02343374	2835
00336922	2836
09258715	2837
01280014	2838
04871374	2839
04826235	2840
10722575	2841
00907657	2842
13553916	2843
04341686	2844
00952524	2845
13486671	2846
09792555	2847
05566097	2848
05325378	2849
06054700	2850
00990812	2851
05775081	2852
04105893	2853
05501711	2854
01019129	2855
02500619	2856
01711071	2857
01160031	2858
13905121	2859
07248653	2860
10484526	2861
06652878	2862
10482220	2863
10495421	2864
10335931	2865
10102506	2866
06694796	2867
02450256	2868
00629738	2869
00830761	2870
00554850	2871
02678438	2872
05926676	2873
01125429	2874
05499172	2875
02005756	2876
01014731	2877
09926862	2878
06764244	2879
01704953	2880
01256417	2881
05500594	2882
02578235	2883
09998101	2884
15140892	2885
15113229	2886
09976429	2887
02603926	2888
08101085	2889
10112591	2890
03601638	2891
03954731	2892
02208265	2893
02557199	2894
01074498	2895
08435388	2896
02947212	2897
01880531	2898
09906538	2899
01149138	2900
14061462	2901
01208291	2902
05726345	2903
07298982	2904
05652926	2905
05296639	2906
08108627	2907
02611002	2908
02610845	2909
00729109	2910
05316025	2911
06379568	2912
01052853	2913
02123903	2914
05541509	2915
05546040	2916
09997404	2917
04778630	2918
02461723	2919
01138670	2920
04910135	2921
01346003	2922
00706243	2923
05421414	2924
13426376	2925
07328942	2926
07211950	2927
09900981	2928
00005041	2929
07553741	2930
05772215	2931
00096513	2932
00201671	2933
05285275	2934
00647094	2935
10741590	2936
04864515	2937
01776214	2938
06208021	2939
00360932	2940
15142167	2941
00334996	2942
02782815	2943
05340599	2944
00919513	2945
02747667	2946
05916739	2947
01085937	2948
02447542	2949
05515670	2950
02108026	2951
01030832	2952
00884540	2953
10120816	2954
00198631	2955
13985818	2956
01345109	2957
05929008	2958
00159620	2959
01934205	2960
05614476	2961
00548173	2962
01979241	2963
05417975	2964
02257141	2965
05793554	2966
00051045	2967
05476754	2968
05475878	2969
06377442	2970
07096661	2971
15180528	2972
02416278	2973
01284908	2974
00249780	2975
04623612	2976
00981276	2977
03061081	2978
08307589	2979
05828102	2980
01925372	2981
01106864	2982
01105639	2983
00066025	2984
02744651	2985
10487182	2986
07993279	2987
00518395	2988
07357101	2989
01309991	2990
04872531	2991
02573127	2992
00771961	2993
01752884	2994
05176477	2995
05764197	2996
02245765	2997
05839024	2998
04835724	2999
04731497	3000
06090869	3001
01202415	3002
00467451	3003
14323683	3004
06259898	3005
02230247	3006
02229055	3007
09385911	3008
00033020	3009
06199142	3010
05435277	3011
07320302	3012
00703512	3013
01172889	3014
05602835	3015
06725877	3016
01060234	3017
05734018	3018
10046527	3019
06591442	3020
04849759	3021
02646757	3022
02294436	3023
05692910	3024
08357784	3025
00061792	3026
01641751	3027
05435477	3028
01023574	3029
02719399	3030
05564323	3031
14562960	3032
00760402	3033
01258617	3034
04826999	3035
05823054	3036
07414922	3037
01291069	3038
07993929	3039
07500741	3040
08623927	3041
00910973	3042
08082602	3043
05003090	3044
10563826	3045
05383467	3046
04526241	3047
00488770	3048
06324475	3049
05466005	3050
00937656	3051
06156968	3052
07452699	3053
00446493	3054
00213186	3055
05447599	3056
05563034	3057
14877585	3058
09615807	3059
06798750	3060
02550516	3061
00034288	3062
05293773	3063
07535209	3064
00479391	3065
00397760	3066
00652466	3067
01559055	3068
05528854	3069
00611055	3070
01116968	3071
10657306	3072
01329239	3073
05532944	3074
02479154	3075
00909573	3076
04783247	3077
00113726	3078
00962447	3079
01872877	3080
03076708	3081
02697725	3082
01255967	3083
05510173	3084
07492655	3085
05290756	3086
00238022	3087
01200440	3088
06712325	3089
00719734	3090
00963570	3091
00849523	3092
06000400	3093
13265011	3094
13282161	3095
13253751	3096
06738281	3097
01187810	3098
09470550	3099
01241073	3100
05370410	3101
00147454	3102
04110439	3103
05738625	3104
05539138	3105
01531375	3106
01097292	3107
07493280	3108
07492516	3109
02386012	3110
02620724	3111
02421158	3112
00969873	3113
00316594	3114
05854812	3115
01558440	3116
05310351	3117
00002452	3118
09803429	3119
04160372	3120
13367593	3121
05296775	3122
10677271	3123
08381436	3124
01191755	3125
05951566	3126
03996416	3127
01032368	3128
05344848	3129
04179385	3130
07020538	3131
05472032	3132
06371413	3133
01368192	3134
13962360	3135
02616713	3136
07162680	3137
10692883	3138
05279953	3139
00403783	3140
00720565	3141
13266170	3142
13265904	3143
00881649	3144
02840619	3145
07337390	3146
10143725	3147
05261566	3148
00397953	3149
11415842	3150
00893435	3151
07232421	3152
01069125	3153
01198750	3154
05596004	3155
05577410	3156
02573275	3157
00362467	3158
09201031	3159
00610373	3160
00609953	3161
00862683	3162
05566919	3163
14563564	3164
13555446	3165
06153846	3166
05838765	3167
01508719	3168
10019888	3169
00151087	3170
08358594	3171
08359949	3172
01549719	3173
02143283	3174
05763916	3175
02676789	3176
02676054	3177
13970236	3178
00761713	3179
14379501	3180
05283816	3181
13743605	3182
02320374	3183
02853449	3184
00317207	3185
05556325	3186
01558883	3187
01072565	3188
00921300	3189
01221611	3190
05560787	3191
05599203	3192
02650840	3193
01095753	3194
01548694	3195
09771664	3196
00909219	3197
02310482	3198
05722427	3199
00241038	3200
02203362	3201
01130607	3202
00250181	3203
00341285	3204
00082563	3205
04074482	3206
04728786	3207
02673965	3208
05335310	3209
04631298	3210
14492953	3211
06282651	3212
04638175	3213
04635104	3214
00859001	3215
00717358	3216
00066191	3217
01802494	3218
02108377	3219
01760944	3220
02513989	3221
07532112	3222
07531255	3223
10409634	3224
05675905	3225
10209082	3226
05825245	3227
01032840	3228
05593476	3229
01626138	3230
01641632	3231
01040707	3232
02117333	3233
02271544	3234
05432736	3235
00428000	3236
01028082	3237
07497473	3238
01190884	3239
08368907	3240
02690941	3241
13981403	3242
02499629	3243
06605897	3244
06601327	3245
05577741	3246
02991048	3247
01667449	3248
05395098	3249
05984287	3250
05542193	3251
04176528	3252
04007894	3253
02670398	3254
01931768	3255
01381357	3256
00734348	3257
06080522	3258
08109624	3259
00023100	3260
05284333	3261
05273684	3262
05594367	3263
00396703	3264
10401829	3265
09816771	3266
10308275	3267
05551318	3268
09437369	3269
05585205	3270
10770059	3271
05316175	3272
00544549	3273
04456276	3274
01976089	3275
02505141	3276
05773049	3277
10731244	3278
03882611	3279
02600255	3280
11531090	3281
01147060	3282
13931145	3283
09915964	3284
00811355	3285
05603160	3286
00140900	3287
13872211	3288
01256332	3289
04890112	3290
00237869	3291
03154446	3292
03091374	3293
13780719	3294
05516366	3295
02701628	3296
09762821	3297
02669081	3298
10000787	3299
00008055	3300
02125460	3301
05840188	3302
05404074	3303
11960540	3304
11579418	3305
05280831	3306
13457378	3307
01624169	3308
14425414	3309
07250034	3310
00121865	3311
01498872	3312
03181293	3313
03278248	3314
01798100	3315
04623113	3316
00703875	3317
10768585	3318
05504107	3319
02156063	3320
05555473	3321
05267345	3322
05430095	3323
05714161	3324
11414411	3325
00673766	3326
01601234	3327
01195536	3328
02579247	3329
00976487	3330
07248507	3331
01308381	3332
09366317	3333
01418667	3334
05595531	3335
13561719	3336
00664276	3337
04261116	3338
05287882	3339
02310855	3340
00679389	3341
06200344	3342
10752719	3343
09815790	3344
00161243	3345
05465567	3346
01807882	3347
05371663	3348
00641252	3349
07536074	3350
05806855	3351
05555917	3352
00257535	3353
10068804	3354
00034574	3355
05512139	3356
05271814	3357
05805902	3358
10020031	3359
02419073	3360
05529159	3361
07051975	3362
05455690	3363
02678384	3364
05544078	3365
02649830	3366
05263850	3367
09777012	3368
01511380	3369
02390470	3370
10383505	3371
01101913	3372
05387167	3373
02262542	3374
05502090	3375
04980008	3376
00942234	3377
01468058	3378
07180372	3379
05379734	3380
00782527	3381
14285276	3382
01227190	3383
13939892	3384
05261404	3385
07524242	3386
01352574	3387
01697027	3388
00019128	3389
00729108	3390
10614363	3391
00028565	3392
00588797	3393
05533948	3394
13550318	3395
00231557	3396
15055633	3397
03959936	3398
05637558	3399
00044455	3400
02524171	3401
08166187	3402
02735688	3403
01342269	3404
13286640	3405
02081178	3406
08252211	3407
14864360	3408
03018802	3409
00604694	3410
05623818	3411
00062806	3412
05670972	3413
00059019	3414
07360647	3415
00095121	3416
02135389	3417
00785690	3418
09928136	3419
04686003	3420
02378623	3421
06878071	3422
02464866	3423
00347610	3424
03738472	3425
00700708	3426
05459232	3427
00668805	3428
00353782	3429
00318035	3430
14686913	3431
00229260	3432
00360757	3433
02130524	3434
10708292	3435
05239808	3436
10480018	3437
13428159	3438
10345804	3439
01684337	3440
01147451	3441
01145359	3442
06650070	3443
00671190	3444
02584915	3445
05141222	3446
09811712	3447
07093895	3448
07522128	3449
00744443	3450
05230357	3451
00730247	3452
06078088	3453
10518194	3454
06384708	3455
00868799	3456
05274808	3457
00471613	3458
02600948	3459
02860389	3460
06633363	3461
02514825	3462
05471629	3463
00593732	3464
10082146	3465
01240432	3466
01237415	3467
00715674	3468
05405946	3469
01831531	3470
00331950	3471
02489748	3472
05601357	3473
05941210	3474
05941037	3475
00728975	3476
00101609	3477
05935060	3478
06724763	3479
10509389	3480
00752144	3481
06532330	3482
06768901	3483
00138956	3484
02112029	3485
06879180	3486
14437552	3487
00019613	3488
02563327	3489
05370918	3490
03365592	3491
03536348	3492
00911048	3493
02157557	3494
00933154	3495
10609092	3496
00732224	3497
08629508	3498
10214230	3499
01440378	3500
05332569	3501
10716389	3502
08081668	3503
06649567	3504
05317960	3505
00854000	3506
01410363	3507
00626800	3508
00226882	3509
00406963	3510
03120029	3511
00555138	3512
05109808	3513
05107765	3514
01211667	3515
02607455	3516
02310007	3517
02603673	3518
01167146	3519
03398467	3520
00618682	3521
04880830	3522
05604950	3523
05796423	3524
00158804	3525
01519977	3526
05590366	3527
05792842	3528
01220636	3529
02569790	3530
00157957	3531
03224032	3532
00635012	3533
10126424	3534
10285762	3535
05572940	3536
04867130	3537
01993926	3538
10495167	3539
05578251	3540
05543177	3541
05423779	3542
01211339	3543
05590740	3544
05337055	3545
05505679	3546
10429965	3547
04879092	3548
00817311	3549
15271008	3550
05282000	3551
05154676	3552
05154517	3553
05289601	3554
00805034	3555
02383831	3556
14960090	3557
13896369	3558
05576950	3559
02526085	3560
00197772	3561
06389553	3562
02687385	3563
00636061	3564
00482893	3565
00754118	3566
05594822	3567
00771632	3568
05539595	3569
01256743	3570
05780104	3571
14559983	3572
01752495	3573
05352433	3574
05901508	3575
05565937	3576
01225970	3577
04829282	3578
04828925	3579
05373924	3580
01378556	3581
10668450	3582
03104594	3583
02736778	3584
04650527	3585
01127075	3586
00087152	3587
01922763	3588
00818466	3589
02447793	3590
06652242	3591
00768062	3592
05650329	3593
05319936	3594
00715239	3595
05483890	3596
00600724	3597
02469835	3598
00338641	3599
02756098	3600
10486349	3601
06721949	3602
02704349	3603
03074922	3604
05349659	3605
05588551	3606
00759551	3607
09385137	3608
02157399	3609
05907682	3610
09631129	3611
00147862	3612
08457976	3613
02341266	3614
09837824	3615
11419404	3616
08108784	3617
05459953	3618
08566028	3619
10339504	3620
02559752	3621
02051031	3622
02050132	3623
04377057	3624
02189714	3625
02364448	3626
08208016	3627
01947266	3628
01948573	3629
15291199	3630
01248782	3631
08462320	3632
01921964	3633
05735478	3634
05581693	3635
00643473	3636
00152887	3637
07162545	3638
07052291	3639
05352291	3640
03879854	3641
00921072	3642
05277532	3643
01281611	3644
04628192	3645
01020356	3646
01140839	3647
09184834	3648
07537485	3649
05803938	3650
07538965	3651
10380305	3652
00192836	3653
00504592	3654
00296178	3655
09769929	3656
05578740	3657
00243373	3658
02445509	3659
07293180	3660
09206985	3661
09505153	3662
00788821	3663
07555014	3664
01312810	3665
04208210	3666
01777210	3667
09880427	3668
02715229	3669
01034925	3670
00933420	3671
05376844	3672
01395617	3673
01624568	3674
02352019	3675
13945102	3676
05367735	3677
01489465	3678
06744000	3679
07217924	3680
06773434	3681
00207418	3682
00004258	3683
07428450	3684
05314075	3685
02945971	3686
05593871	3687
01159655	3688
02414710	3689
03838160	3690
05466696	3691
01039140	3692
01066542	3693
13285176	3694
02434238	3695
05797177	3696
00202236	3697
01239494	3698
09901642	3699
02348324	3700
01048939	3701
02176268	3702
10524413	3703
13791389	3704
05817396	3705
07006951	3706
05313679	3707
02888133	3708
00974444	3709
01320009	3710
10045713	3711
05872982	3712
09878275	3713
02137538	3714
01423285	3715
02684254	3716
13486270	3717
04321238	3718
08061042	3719
14333433	3720
03511426	3721
00040804	3722
08242100	3723
00172710	3724
02256109	3725
00382635	3726
05389939	3727
00778275	3728
09379111	3729
01135952	3730
13742358	3731
09927451	3732
02964389	3733
00733632	3734
07515560	3735
01333082	3736
13576982	3737
05836275	3738
01045419	3739
02570062	3740
02450505	3741
05387395	3742
05436080	3743
00838043	3744
10409752	3745
05794403	3746
01421122	3747
01551871	3748
02290029	3749
03540595	3750
02500902	3751
00590924	3752
00931555	3753
13096863	3754
05348884	3755
02321009	3756
00691312	3757
02215506	3758
01644746	3759
05540407	3760
05262185	3761
01703326	3762
02201644	3763
10365514	3764
02620587	3765
07496755	3766
00230746	3767
06123363	3768
01554799	3769
05807306	3770
05294819	3771
00205598	3772
08673395	3773
01131197	3774
01441100	3775
01412346	3776
05331812	3777
07251619	3778
02259829	3779
00184117	3780
01588172	3781
05317191	3782
01072949	3783
05967977	3784
02510337	3785
05398609	3786
10568443	3787
09304465	3788
05550330	3789
01653013	3790
01855606	3791
06732581	3792
05580416	3793
05574151	3794
04076846	3795
09442838	3796
05309050	3797
00706975	3798
10161178	3799
01021889	3800
13927383	3801
02664769	3802
09632274	3803
04618070	3804
01109687	3805
02072849	3806
02012344	3807
05331653	3808
05682570	3809
05304932	3810
06284225	3811
13537894	3812
05718935	3813
10411551	3814
10041195	3815
04186848	3816
02660819	3817
02716165	3818
05345581	3819
07159791	3820
01033458	3821
00633265	3822
02702674	3823
14491271	3824
05547396	3825
00920125	3826
00003356	3827
07372779	3828
01861778	3829
05542052	3830
06347996	3831
05275466	3832
08400965	3833
13576101	3834
05654362	3835
05582305	3836
05670710	3837
01117541	3838
14023997	3839
06182144	3840
01998793	3841
07447261	3842
03526198	3843
02789271	3844
07956887	3845
00067999	3846
02008066	3847
05296253	3848
05282433	3849
14036203	3850
04451818	3851
14866889	3852
00803617	3853
00010435	3854
06671484	3855
06392935	3856
13381145	3857
00612042	3858
02728763	3859
06732710	3860
