01130169	0
09614684	1
01023259	2
06763681	3
08164585	4
08381636	5
00506672	6
13485408	7
04184435	8
00142191	9
07291312	10
00484166	11
13102409	12
01921964	13
00906367	14
01189282	15
02627555	16
04353803	17
06817782	18
01004062	19
00261604	20
00293141	21
06744000	22
06738281	23
02308741	24
10670310	25
02958343	26
03791235	27
00427397	28
00230172	29
10724699	30
10335931	31
06746580	32
00965871	33
02614181	34
00004475	35
01987228	36
01987353	37
00756338	38
06730563	39
10349243	40
09615465	41
04149208	42
04208210	43
00945205	44
00941777	45
05562249	46
05560244	47
00872886	48
09968845	49
00426608	50
14498096	51
01378556	52
02077148	53
03259505	54
02459633	55
10725280	56
00959827	57
00605086	58
05943300	59
08569591	60
08593262	61
06558277	62
08441203	63
05325378	64
06054700	65
13903387	66
13903079	67
02161432	68
05168261	69
00794079	70
07252764	71
02455407	72
00880662	73
02992070	74
05125377	75
02208537	76
02210855	77
05860200	78
00246217	79
02131279	80
10067968	81
04526964	82
03183080	83
10154601	84
02419773	85
02603926	86
00698855	87
03233905	88
03094503	89
04694441	90
01538928	91
02064745	92
02666239	93
15256915	94
00455599	95
00548781	96
02383831	97
10055566	98
09946957	99
01014821	100
01010118	101
04692908	102
00336260	103
01090335	104
00446493	105
07370410	106
05151088	107
01834304	108
01340439	109
01296462	110
00649481	111
05785311	112
05532225	113
05547508	114
01156834	115
00838098	116
05143690	117
00205046	118
05772667	119
05772356	120
01704236	121
00545501	122
14213328	123
02034986	124
02607909	125
09777353	126
05196375	127
05190804	128
00070816	129
07289014	130
02339413	131
10387712	132
13812607	133
00031921	134
06796642	135
06796506	136
07313814	137
07331400	138
05786372	139
00739082	140
00753685	141
02593001	142
00908492	143
01753788	144
02913152	145
04143365	146
05638063	147
09974648	148
00337903	149
09442838	150
00415044	151
08374049	152
00235435	153
00199130	154
04596630	155
04424218	156
01756719	157
01698271	158
13754293	159
13576355	160
02232190	161
10513120	162
01700934	163
00255214	164
00035603	165
01329239	166
00715674	167
00146138	168
00125841	169
02011810	170
01778568	171
01356750	172
14704465	173
07009946	174
00081836	175
00081572	176
01201773	177
00495998	178
02499629	179
01160342	180
00879356	181
10484526	182
00811355	183
02281093	184
10801291	185
00993014	186
04687333	187
01807882	188
04876985	189
04723816	190
00344040	191
01346978	192
05117660	193
02510337	194
08482271	195
01999423	196
00879607	197
01843904	198
02229055	199
02200686	200
02028994	201
00369138	202
01079480	203
07467846	204
09780828	205
00751887	206
00946499	207
00264386	208
00683280	209
00644839	210
01560984	211
01556921	212
01783158	213
05946687	214
04728068	215
05093890	216
02293321	217
01108753	218
02974219	219
04588365	220
07217924	221
00965035	222
02808440	223
04531098	224
03234306	225
01690294	226
13412321	227
13403643	228
00217956	229
14535431	230
00488770	231
01253277	232
11414411	233
11410625	234
00044455	235
00423971	236
01041111	237
01206153	238
01458228	239
13534274	240
02335828	241
13580415	242
00702601	243
15283097	244
07073208	245
00978549	246
00704388	247
00628491	248
07358060	249
01280014	250
00281101	251
04956594	252
05573895	253
05574151	254
01626138	255
00971999	256
00715239	257
04004475	258
03699975	259
06782680	260
06782019	261
10524973	262
00779360	263
02984104	264
10467179	265
00803617	266
00407535	267
00912960	268
00030358	269
05546540	270
00782527	271
02776205	272
00923995	273
02572119	274
00780148	275
00949619	276
02809692	277
00765649	278
07252378	279
10752093	280
02500619	281
00704690	282
10438172	283
09949946	284
10381369	285
00480969	286
00046534	287
02728440	288
09930257	289
07965085	290
04060065	291
01458464	292
14997888	293
00185857	294
02840619	295
01022008	296
02376429	297
01410223	298
10178216	299
02537092	300
02536557	301
01534147	302
01645601	303
06740402	304
10720453	305
02244956	306
03079741	307
00483801	308
00024814	309
00109660	310
06650701	311
05930736	312
05726345	313
05138488	314
00681429	315
01635432	316
01636397	317
00205891	318
02294436	319
09784707	320
10338707	321
01327301	322
05770926	323
00739340	324
00430140	325
01155687	326
03307274	327
02877704	328
05601198	329
07421316	330
00434374	331
00719231	332
00717358	333
00941990	334
07080868	335
00574218	336
00847340	337
00665886	338
02806261	339
00153961	340
00151497	341
02056971	342
03242713	343
00600370	344
00582868	345
00634472	346
10510339	347
00583990	348
02291843	349
05036394	350
00227165	351
02700867	352
02964634	353
02874282	354
08188449	355
00029378	356
02303331	357
01018928	358
05822746	359
02330742	360
13354420	361
00017222	362
06066555	363
07177924	364
00760956	365
07150644	366
00001740	367
00831191	368
01405044	369
01511706	370
13477462	371
00029677	372
13266170	373
10251779	374
02744977	375
00795785	376
02527431	377
10089615	378
00624263	379
06372095	380
01532589	381
03040587	382
13286640	383
13285176	384
00948071	385
00634586	386
01048466	387
00442063	388
05978812	389
05967977	390
01909397	391
01907258	392
04071876	393
03744840	394
00773402	395
00774107	396
00489837	397
00996969	398
01083645	399
02234087	400
00597915	401
05767733	402
02148788	403
07167415	404
14984973	405
00945401	406
01316401	407
01506157	408
01509584	409
07324673	410
01082454	411
00471613	412
01210352	413
01206218	414
01912159	415
09387222	416
02661252	417
04802776	418
07993109	419
07993279	420
00095747	421
00094460	422
13367070	423
02323059	424
00382109	425
01461152	426
00647542	427
09979072	428
03103128	429
10509605	430
00007846	431
04153751	432
03323703	433
00980453	434
00943837	435
01783022	436
07510625	437
02687172	438
03363216	439
08436759	440
00404222	441
00283127	442
00279835	443
13446390	444
06084469	445
05539138	446
05538625	447
14507951	448
02557199	449
06726939	450
00861560	451
00274707	452
00596807	453
08566554	454
08566028	455
05051896	456
00781000	457
00295701	458
01845720	459
02367363	460
01033527	461
00964911	462
00879759	463
02118933	464
00859001	465
04516672	466
03563967	467
05534333	468
05298729	469
14000403	470
02179279	471
01222360	472
00841986	473
14854581	474
06742932	475
00828374	476
00531302	477
07335414	478
13572436	479
00575720	480
00215314	481
00209943	482
00282050	483
01993926	484
00608896	485
00606370	486
01846320	487
00312553	488
07233214	489
00864159	490
01217043	491
04360501	492
00641252	493
00637259	494
02170427	495
05650579	496
10225219	497
00593944	498
00084562	499
00497705	500
01229071	501
03194992	502
07988857	503
01292885	504
04689198	505
04688246	506
00815686	507
07200527	508
01685313	509
00643250	510
00033020	511
02231661	512
00205885	513
00248977	514
00215800	515
00075021	516
14016361	517
00916464	518
00921790	519
01279978	520
14436438	521
10689564	522
01666717	523
03600977	524
03605915	525
04861486	526
04616059	527
00785008	528
07196682	529
02040054	530
02066510	531
07018931	532
01719921	533
02014553	534
02014165	535
02450505	536
01302019	537
05718254	538
02180529	539
06254007	540
06253690	541
00754956	542
01721754	543
02611630	544
02604760	545
01778990	546
00949134	547
02396205	548
00163779	549
09811712	550
09379111	551
01593614	552
06609503	553
01036804	554
02235229	555
10679998	556
01656788	557
03533486	558
02106006	559
02106506	560
02436349	561
01133281	562
02569790	563
07339329	564
02225492	565
10553627	566
00250259	567
00411020	568
07272545	569
10090498	570
02248465	571
08499840	572
10583387	573
06589574	574
01744611	575
02875013	576
01467370	577
02036578	578
01319874	579
01653442	580
01653873	581
00652466	582
00635012	583
06389230	584
05128519	585
00171127	586
06320801	587
02102002	588
13370448	589
02256109	590
14841267	591
00442267	592
07014752	593
00066191	594
01170962	595
02573275	596
00754424	597
01582645	598
07885223	599
07578363	600
01719302	601
06893885	602
02659763	603
04930307	604
01122194	605
10533013	606
00022686	607
04836683	608
04780958	609
01627965	610
00633864	611
00789138	612
01169744	613
02742638	614
03335030	615
04552348	616
14055408	617
02468864	618
01896031	619
10155849	620
04928903	621
02556126	622
10407954	623
00874067	624
00670261	625
06671637	626
00882948	627
13777344	628
01012561	629
01012073	630
09912995	631
00661824	632
02675701	633
09964411	634
00838856	635
00834198	636
14403107	637
14373582	638
05785885	639
06481320	640
06637824	641
00818553	642
07216083	643
00607114	644
04552696	645
05075602	646
01494310	647
15113229	648
13575869	649
00483146	650
01090446	651
05968450	652
10370381	653
13904843	654
01559055	655
00383390	656
00376063	657
01369346	658
01369758	659
00301187	660
00443384	661
01345109	662
01587062	663
00644583	664
05787005	665
06468123	666
00243900	667
00632236	668
00719734	669
00631391	670
04802198	671
01865197	672
13265904	673
10480018	674
02157100	675
13960117	676
01934554	677
01460029	678
01458973	679
10490699	680
00975902	681
02448185	682
00245457	683
00253761	684
05123416	685
10003120	686
01321456	687
15152817	688
06153186	689
03018498	690
15153472	691
06648207	692
06643408	693
00201671	694
01435380	695
00021939	696
07578879	697
01195299	698
07344663	699
06568978	700
06566077	701
07518663	702
02558172	703
01128390	704
01123598	705
02950154	706
01476483	707
00336539	708
01417451	709
00949288	710
00540235	711
00540946	712
00334996	713
00376400	714
01919931	715
07122730	716
01252425	717
01989873	718
01457954	719
11498203	720
11458624	721
10388924	722
00809465	723
10708454	724
01588172	725
04870340	726
01134781	727
10593115	728
00157957	729
01995211	730
01351170	731
10085217	732
09939313	733
11444117	734
02109818	735
00058743	736
02074677	737
00697062	738
01157517	739
01867502	740
00907147	741
10776339	742
10533983	743
01048939	744
15226732	745
03597469	746
01678685	747
03285912	748
02735688	749
01974062	750
00116376	751
13779032	752
13600822	753
05269901	754
05472032	755
04377057	756
03575240	757
00336922	758
09258715	759
15143276	760
15266911	761
15140405	762
10261041	763
00860292	764
00856824	765
02278939	766
00873603	767
13558696	768
13524925	769
02338975	770
02327200	771
02338386	772
14875077	773
10740017	774
00824066	775
00780889	776
02321757	777
01817938	778
07251779	779
06524935	780
02919275	781
00044149	782
00987071	783
07201365	784
00263947	785
00510364	786
00708017	787
14513259	788
00644066	789
05774129	790
10007109	791
02412939	792
01200440	793
01326291	794
04162998	795
02701962	796
01194331	797
01181475	798
00512749	799
04357121	800
01358023	801
01929254	802
00285889	803
07248060	804
07247071	805
00520257	806
02283324	807
02202384	808
01138523	809
13342987	810
00877327	811
10523076	812
00708376	813
05927813	814
05328867	815
05327767	816
03540595	817
04549919	818
06749881	819
00712135	820
02970685	821
02767433	822
00735571	823
02432530	824
00958334	825
13503908	826
10207831	827
00784342	828
02727462	829
00286605	830
01531998	831
01236164	832
07410021	833
06193727	834
06193203	835
06766190	836
01024190	837
13565379	838
05738625	839
06712325	840
00827730	841
01990281	842
01969216	843
07284554	844
07283608	845
05728678	846
05726596	847
00535452	848
13864965	849
00237078	850
01651444	851
06760722	852
06758225	853
00125436	854
01247804	855
00228236	856
00278403	857
05898568	858
05761918	859
00609683	860
10140314	861
00592795	862
06678302	863
01747945	864
03122748	865
02735897	866
02670398	867
05194043	868
02586121	869
00332835	870
08509442	871
10483530	872
01881696	873
02713852	874
01320009	875
13085864	876
02618149	877
01552519	878
01309701	879
00311809	880
01843055	881
00949093	882
00948853	883
01088923	884
00586262	885
02479323	886
01057200	887
01859586	888
01063697	889
01640207	890
01621555	891
00173338	892
03961939	893
03536348	894
10767519	895
10791221	896
00567291	897
01638368	898
02612762	899
09608002	900
01346003	901
00338641	902
06532095	903
03154073	904
06522501	905
09774783	906
02595662	907
07342049	908
07202812	909
00956250	910
02701210	911
03224032	912
03221720	913
00044150	914
01642924	915
00921072	916
09981540	917
00614489	918
07650637	919
07649854	920
01149138	921
03740161	922
00996448	923
02609203	924
05141222	925
02500884	926
09754907	927
01176897	928
03201208	929
01110274	930
02728784	931
02038357	932
02035919	933
02286687	934
07214432	935
03082979	936
02924713	937
05835747	938
01633343	939
00903559	940
10426749	941
00932324	942
00955148	943
00690614	944
06208751	945
08419163	946
02576921	947
10076957	948
05068080	949
05074774	950
02629793	951
00525453	952
06367373	953
00116619	954
07361416	955
01986367	956
01817314	957
07491286	958
02073714	959
09755241	960
00838524	961
01113068	962
02727883	963
01039330	964
10597505	965
01474513	966
00660971	967
01426153	968
01425892	969
00739662	970
07974025	971
00938247	972
07170753	973
02199590	974
02220461	975
00018158	976
00324384	977
10514784	978
00474492	979
01312371	980
13894306	981
07209965	982
07208338	983
01802689	984
07496755	985
00828082	986
02147109	987
01026095	988
07230502	989
00921014	990
01343918	991
00846515	992
01426397	993
07413899	994
00237259	995
02559180	996
01172889	997
01727490	998
01322509	999
10399299	1000
00893167	1001
10466198	1002
02219940	1003
03683708	1004
02933462	1005
05462057	1006
05237227	1007
09941964	1008
08199025	1009
09901143	1010
00955601	1011
06377133	1012
07647870	1013
00611481	1014
07452841	1015
09279458	1016
01637982	1017
05491612	1018
05497363	1019
01119169	1020
09821253	1021
01230710	1022
01016002	1023
01016778	1024
02679530	1025
02679899	1026
10475297	1027
01178565	1028
01086081	1029
01053617	1030
05928513	1031
01841079	1032
07311115	1033
04050410	1034
04451818	1035
02213690	1036
02212825	1037
02310007	1038
00089351	1039
06308049	1040
01298283	1041
02391803	1042
09798534	1043
01171644	1044
00053913	1045
07130050	1046
07109847	1047
06528783	1048
00672433	1049
01290255	1050
02755352	1051
02656763	1052
00875394	1053
07162680	1054
05805902	1055
05708432	1056
05701944	1057
03800933	1058
10340312	1059
00813790	1060
00813978	1061
00388635	1062
10008716	1063
04194289	1064
03167666	1065
01989053	1066
10661563	1067
05905348	1068
05591256	1069
05289861	1070
02730265	1071
01363648	1072
01617192	1073
09976429	1074
10004539	1075
02641463	1076
01250335	1077
02482425	1078
15258450	1079
05867413	1080
00928630	1081
09962789	1082
00795008	1083
00791078	1084
04085017	1085
06875697	1086
00193486	1087
00182406	1088
00956687	1089
06253140	1090
06251781	1091
02285629	1092
02247977	1093
03269401	1094
02304982	1095
06593099	1096
08565894	1097
08512259	1098
01931768	1099
01142519	1100
13489037	1101
13526110	1102
13860793	1103
00819508	1104
09954479	1105
15271008	1106
02641035	1107
03061081	1108
05996646	1109
04981139	1110
02179518	1111
10030277	1112
01701311	1113
00158804	1114
07375214	1115
02710673	1116
06762711	1117
00961329	1118
03169390	1119
02748927	1120
07939382	1121
07938773	1122
01471682	1123
02157557	1124
05058580	1125
05044528	1126
03674440	1127
03738241	1128
08198137	1129
08198398	1130
07477945	1131
01744888	1132
00414174	1133
00413876	1134
02513460	1135
02512305	1136
00772640	1137
06648724	1138
01016316	1139
06559365	1140
00069879	1141
07313636	1142
07969695	1143
00684480	1144
04754440	1145
00621058	1146
14379703	1147
00170156	1148
15255804	1149
15256022	1150
00775156	1151
08512736	1152
00730301	1153
00630223	1154
05920791	1155
02634808	1156
00567044	1157
00482298	1158
10005721	1159
02394445	1160
00929839	1161
06511874	1162
01315613	1163
04061969	1164
02608347	1165
02608823	1166
00315986	1167
05821775	1168
00956131	1169
01369663	1170
10630188	1171
10599806	1172
07110615	1173
10439851	1174
01072949	1175
00376994	1176
00335366	1177
10718131	1178
00310666	1179
07389569	1180
07371293	1181
01810447	1182
05529159	1183
05474346	1184
05475681	1185
01199035	1186
02578008	1187
05651971	1188
01312810	1189
02290029	1190
07298982	1191
13440063	1192
02728142	1193
04321238	1194
02387486	1195
10665698	1196
13986372	1197
01812324	1198
05268965	1199
01194938	1200
00954271	1201
07221094	1202
10565302	1203
00797697	1204
14412725	1205
13465530	1206
13518963	1207
02729023	1208
00973056	1209
00805376	1210
01035530	1211
00952182	1212
10743675	1213
09800964	1214
09858299	1215
02581073	1216
00261029	1217
02584981	1218
01548718	1219
00397760	1220
00906735	1221
06022291	1222
04321534	1223
02323286	1224
07423560	1225
00339464	1226
01689379	1227
00976653	1228
10680609	1229
09615807	1230
00378985	1231
01461328	1232
09443136	1233
10334957	1234
00823669	1235
06711855	1236
00816143	1237
01104624	1238
00752954	1239
02294179	1240
02201644	1241
00929718	1242
00766418	1243
00770437	1244
02891188	1245
02889425	1246
07337390	1247
01876907	1248
02251743	1249
01787955	1250
01788733	1251
00752431	1252
00751145	1253
00826509	1254
05734018	1255
01995549	1256
09775663	1257
00591236	1258
01091427	1259
00931232	1260
06733227	1261
00074038	1262
00072012	1263
07325190	1264
00348746	1265
01109863	1266
01076615	1267
01637368	1268
05632446	1269
02681795	1270
01131473	1271
01466978	1272
08513163	1273
05919866	1274
00931852	1275
00651991	1276
00921738	1277
02025009	1278
08274565	1279
00144694	1280
00664276	1281
06855035	1282
10168012	1283
00809654	1284
01347678	1285
00827638	1286
00043195	1287
02128066	1288
02214485	1289
13368052	1290
02400037	1291
02397637	1292
00976487	1293
10482220	1294
02498320	1295
05795460	1296
01438681	1297
06556692	1298
00939277	1299
00831651	1300
01789270	1301
01628302	1302
01021629	1303
05795044	1304
10773394	1305
00994076	1306
00615887	1307
01590171	1308
01291069	1309
11415084	1310
02333689	1311
08550076	1312
01311103	1313
14534696	1314
13920835	1315
05755883	1316
00607405	1317
04768483	1318
04767347	1319
09897696	1320
09629752	1321
02260362	1322
05936381	1323
01636008	1324
00162632	1325
00699815	1326
00688377	1327
05697976	1328
00765977	1329
00282485	1330
05302499	1331
02650840	1332
07942152	1333
00632627	1334
01843689	1335
10757193	1336
02154312	1337
02163746	1338
07357679	1339
00474017	1340
02156063	1341
02154508	1342
00598215	1343
01563724	1344
03894379	1345
01686132	1346
01619354	1347
02418421	1348
00426928	1349
01503061	1350
03303965	1351
03848729	1352
00727573	1353
00726300	1354
09610660	1355
00742320	1356
00383275	1357
00382635	1358
00953216	1359
07222823	1360
14486122	1361
00720063	1362
06349220	1363
01068134	1364
02733122	1365
02202928	1366
02064887	1367
05833840	1368
03621049	1369
01096497	1370
13945102	1371
10431625	1372
00676450	1373
00248026	1374
15153787	1375
00509607	1376
00199309	1377
06762380	1378
05697135	1379
03859958	1380
00102586	1381
00447309	1382
15047313	1383
05827684	1384
01835496	1385
02383440	1386
02009433	1387
01018366	1388
00317888	1389
01111375	1390
02460199	1391
02687916	1392
02265231	1393
05662532	1394
02796412	1395
01127215	1396
00235918	1397
06807198	1398
13760316	1399
10481268	1400
00726784	1401
03659292	1402
02788689	1403
03509025	1404
04516874	1405
01716619	1406
01146039	1407
02553697	1408
00654625	1409
09926862	1410
01241331	1411
01247647	1412
13954253	1413
02603699	1414
00404642	1415
02431971	1416
02189714	1417
10042690	1418
10249950	1419
10480253	1420
01734502	1421
02472033	1422
05445668	1423
05297523	1424
05641959	1425
00597634	1426
05682950	1427
02678438	1428
01609287	1429
00114431	1430
03401721	1431
03401500	1432
01146918	1433
01675963	1434
01313411	1435
04561548	1436
00192836	1437
00709379	1438
06694540	1439
02413480	1440
00575741	1441
01256743	1442
10673451	1443
15267536	1444
00351963	1445
01070102	1446
00824292	1447
00824767	1448
13083586	1449
05511286	1450
01855606	1451
02156546	1452
15269513	1453
00033615	1454
06163751	1455
10269785	1456
06369829	1457
06373747	1458
01020005	1459
06399995	1460
01699700	1461
00858781	1462
07139700	1463
00037919	1464
01011166	1465
00946588	1466
02310482	1467
02284951	1468
00602805	1469
00729108	1470
09179776	1471
09178821	1472
07423365	1473
02733524	1474
04341686	1475
08061042	1476
08056231	1477
01394464	1478
00338071	1479
00331655	1480
02012344	1481
00001930	1482
00350380	1483
00780575	1484
01654628	1485
05763412	1486
02945971	1487
00887081	1488
00443116	1489
11669335	1490
11690893	1491
02145543	1492
01478002	1493
02707429	1494
03746574	1495
08630985	1496
00027167	1497
00297507	1498
00296178	1499
01466257	1500
02396716	1501
08456993	1502
00276883	1503
01169704	1504
01197980	1505
13814041	1506
01149470	1507
01079873	1508
01249060	1509
01583494	1510
01583656	1511
02150948	1512
02129289	1513
09769345	1514
00897564	1515
01115916	1516
10637635	1517
10693824	1518
06770875	1519
00668099	1520
05032565	1521
07139873	1522
10066732	1523
09824361	1524
00820976	1525
00771961	1526
07251619	1527
01201089	1528
05546040	1529
01256600	1530
10789963	1531
07374756	1532
00184117	1533
00842692	1534
01186428	1535
05090441	1536
00240293	1537
05776015	1538
05775081	1539
14407536	1540
01806505	1541
02431320	1542
00788184	1543
07193958	1544
10521662	1545
00967098	1546
02479990	1547
01086103	1548
01072262	1549
10027590	1550
02537812	1551
11447851	1552
01650425	1553
05703429	1554
05172596	1555
00747418	1556
05194578	1557
05763916	1558
05760202	1559
01793177	1560
07550666	1561
01455184	1562
02171039	1563
00882159	1564
00975036	1565
01498769	1566
05209822	1567
06649915	1568
00820352	1569
13086908	1570
00019128	1571
02290461	1572
05157574	1573
04904851	1574
04904664	1575
01449974	1576
01061320	1577
01062555	1578
00121166	1579
03209141	1580
02935017	1581
01637166	1582
06043075	1583
00084230	1584
05598147	1585
05300231	1586
05732756	1587
00352558	1588
00876332	1589
13411157	1590
00250181	1591
00252019	1592
00368592	1593
02030424	1594
07213395	1595
00933821	1596
01714208	1597
06891493	1598
01974773	1599
02156532	1600
06353934	1601
00887463	1602
04490091	1603
02918595	1604
05109808	1605
05107765	1606
06333653	1607
01028748	1608
07514345	1609
02116118	1610
09911570	1611
07524760	1612
07523905	1613
00914420	1614
07123012	1615
01883344	1616
07959943	1617
04226537	1618
01131197	1619
00006484	1620
10468559	1621
09966255	1622
06763273	1623
01020934	1624
01385458	1625
09465459	1626
02207206	1627
14286549	1628
01254013	1629
02574205	1630
03281145	1631
03664675	1632
05789432	1633
00648977	1634
00280586	1635
00191142	1636
05805475	1637
00588888	1638
13273550	1639
00689673	1640
03270165	1641
03560567	1642
07131854	1643
02296153	1644
00952524	1645
05984584	1646
00596644	1647
14494716	1648
01253060	1649
00004605	1650
02492362	1651
00463246	1652
00658082	1653
04074482	1654
00917300	1655
05892096	1656
01075164	1657
00523513	1658
09448361	1659
09415938	1660
00340463	1661
01418667	1662
01215168	1663
01212519	1664
00751944	1665
01310660	1666
00849523	1667
00844254	1668
00296946	1669
07370671	1670
14419164	1671
14418395	1672
00795863	1673
00751567	1674
10284064	1675
01659248	1676
00314272	1677
00375625	1678
05599203	1679
05225602	1680
10721470	1681
02245993	1682
01447632	1683
01871979	1684
00918872	1685
02435867	1686
00242583	1687
01731031	1688
02541251	1689
08186047	1690
01054335	1691
01053920	1692
00203753	1693
00203342	1694
01017987	1695
05677340	1696
00991151	1697
06479665	1698
13899404	1699
01362736	1700
00717208	1701
04473432	1702
02687992	1703
00233335	1704
00921300	1705
01803380	1706
10695555	1707
05568767	1708
00908672	1709
06605396	1710
01123415	1711
00464894	1712
14424780	1713
00024720	1714
00198631	1715
00198451	1716
06709692	1717
00633443	1718
10634316	1719
05846355	1720
10365514	1721
01231252	1722
07498854	1723
00680841	1724
00200397	1725
10044879	1726
04878861	1727
00959731	1728
01808626	1729
01808769	1730
00928077	1731
00927261	1732
04837425	1733
00512487	1734
10079399	1735
10176679	1736
02571511	1737
00783063	1738
05108947	1739
04748836	1740
00650353	1741
00495808	1742
05870180	1743
05869584	1744
01968569	1745
05855125	1746
07048000	1747
02453889	1748
08055150	1749
02821627	1750
01082606	1751
13924659	1752
01846916	1753
00397953	1754
10402285	1755
01347298	1756
07388987	1757
05823932	1758
01015244	1759
01275762	1760
01276970	1761
02550296	1762
02547586	1763
07420770	1764
13971065	1765
01959294	1766
13285714	1767
01060234	1768
10549510	1769
10522759	1770
02378623	1771
01136519	1772
01135952	1773
00071178	1774
00421437	1775
08663354	1776
02081178	1777
04076846	1778
00155487	1779
02695895	1780
00798245	1781
01516534	1782
10635275	1783
02301502	1784
04599396	1785
13990502	1786
00904046	1787
02451370	1788
05689249	1789
05299178	1790
00220522	1791
00220023	1792
06792645	1793
02406916	1794
01063350	1795
01062817	1796
00895304	1797
00367976	1798
01380122	1799
07129867	1800
01105259	1801
04681387	1802
14778436	1803
00020090	1804
05271383	1805
02646072	1806
00940842	1807
01632411	1808
00932088	1809
00532607	1810
00932636	1811
06601327	1812
07331759	1813
07250339	1814
02043665	1815
00968211	1816
00368302	1817
07199565	1818
10596689	1819
00812580	1820
00884011	1821
10482054	1822
00751529	1823
00474308	1824
01171183	1825
01172275	1826
01121690	1827
02166460	1828
00813044	1829
10279018	1830
00955987	1831
00952963	1832
09222051	1833
01259458	1834
00046522	1835
05560787	1836
05379734	1837
14477667	1838
00964694	1839
07133701	1840
02228698	1841
01085098	1842
10068804	1843
01290422	1844
09257949	1845
01207951	1846
01921204	1847
00289175	1848
03839993	1849
00141806	1850
00663353	1851
02245765	1852
00875246	1853
00422551	1854
01848465	1855
00613393	1856
04695176	1857
01138911	1858
02443049	1859
01854132	1860
02311387	1861
01385170	1862
06256229	1863
02153023	1864
02409148	1865
00623370	1866
00217014	1867
01459896	1868
00926668	1869
03753077	1870
03733925	1871
02387034	1872
10722575	1873
01149480	1874
02540670	1875
00060201	1876
02075049	1877
01818235	1878
09822955	1879
10731848	1880
14562324	1881
01564144	1882
06136258	1883
10078806	1884
09614315	1885
06157326	1886
05736149	1887
14481929	1888
08462320	1889
07951464	1890
00300761	1891
00896803	1892
01241767	1893
00555138	1894
02058191	1895
05539595	1896
03093792	1897
00701877	1898
02230056	1899
02229550	1900
06037666	1901
07975026	1902
02428924	1903
00772189	1904
05651680	1905
05692419	1906
00701040	1907
04754237	1908
07540866	1909
00219575	1910
07221756	1911
02325968	1912
01952898	1913
01951480	1914
01104406	1915
01094725	1916
00048129	1917
00640828	1918
00692329	1919
05780104	1920
10005280	1921
10468962	1922
02443609	1923
02460502	1924
00494269	1925
05502556	1926
05504107	1927
01309143	1928
00618734	1929
01144355	1930
01144133	1931
00035758	1932
00040353	1933
01003570	1934
06507041	1935
07332148	1936
02637202	1937
02480923	1938
01970646	1939
01970826	1940
13872421	1941
01498872	1942
02622234	1943
00107739	1944
00610374	1945
00607780	1946
01033458	1947
02382087	1948
13527965	1949
11531090	1950
00031264	1951
02408965	1952
01158872	1953
00927017	1954
02466670	1955
01126856	1956
06608143	1957
05840650	1958
00123170	1959
10641755	1960
00785690	1961
09848489	1962
02651014	1963
02649830	1964
05225090	1965
04051825	1966
01130607	1967
07334490	1968
05217168	1969
00236289	1970
08063446	1971
09764900	1972
10794014	1973
00218045	1974
01656458	1975
03782190	1976
03857828	1977
01048912	1978
02144835	1979
00635850	1980
02153387	1981
01558883	1982
09437369	1983
00512186	1984
00126264	1985
00511817	1986
01883716	1987
06797169	1988
07140978	1989
04453910	1990
01336635	1991
13275288	1992
02267060	1993
03294048	1994
05388805	1995
05343718	1996
13307784	1997
13306870	1998
04770911	1999
05654362	2000
04728786	2001
00892861	2002
00830761	2003
00647094	2004
02708711	2005
09909060	2006
09605289	2007
01970348	2008
07445480	2009
00958880	2010
01133760	2011
01732921	2012
00954608	2013
00403334	2014
00403092	2015
00527572	2016
13491060	2017
06818121	2018
10624540	2019
09947232	2020
00121366	2021
02079933	2022
00947128	2023
01448100	2024
06582403	2025
02648639	2026
00161739	2027
01696648	2028
13742358	2029
02736778	2030
03173524	2031
07185076	2032
02297948	2033
02282365	2034
00372607	2035
10383237	2036
07006951	2037
05566504	2038
01209953	2039
01904930	2040
03903424	2041
01935476	2042
07211092	2043
00909219	2044
01620854	2045
07291794	2046
13134947	2047
11675842	2048
10623354	2049
10420031	2050
13993517	2051
06252138	2052
04729710	2053
02549847	2054
02549581	2055
02586619	2056
15295416	2057
01080366	2058
01255967	2059
05660937	2060
00894738	2061
05794403	2062
00329227	2063
02066939	2064
00792471	2065
01097960	2066
07248507	2067
02665803	2068
00786458	2069
07197021	2070
07044917	2071
07037465	2072
00783523	2073
00666886	2074
00075515	2075
06713930	2076
01770501	2077
07524242	2078
14442933	2079
14441825	2080
00548173	2081
05600637	2082
05603160	2083
06750804	2084
06722453	2085
01295275	2086
00145218	2087
00679389	2088
00161243	2089
07232655	2090
07232421	2091
00931555	2092
00064479	2093
14818238	2094
00329031	2095
01888295	2096
04682018	2097
01695567	2098
02354537	2099
00621476	2100
00620752	2101
00021265	2102
00180413	2103
02077656	2104
04892084	2105
03318438	2106
00838043	2107
01201856	2108
00839778	2109
10507070	2110
01051956	2111
02399331	2112
03265479	2113
00646738	2114
01005579	2115
04782878	2116
06798750	2117
01755627	2118
00084738	2119
03247620	2120
01140839	2121
02589013	2122
06729499	2123
01011031	2124
03294833	2125
00999815	2126
09773245	2127
09875786	2128
01934205	2129
04110439	2130
06128570	2131
00685638	2132
04863969	2133
02434238	2134
02434976	2135
03065685	2136
14854262	2137
05341920	2138
09225146	2139
00002452	2140
03295140	2141
09909760	2142
10004804	2143
07039238	2144
04250850	2145
13467916	2146
00355955	2147
10442417	2148
00922327	2149
01163620	2150
01276361	2151
00263813	2152
00372448	2153
01575675	2154
14031108	2155
08189659	2156
01038666	2157
00784727	2158
02600490	2159
00418903	2160
14920388	2161
07172756	2162
07138085	2163
10567401	2164
10684630	2165
05220461	2166
09385911	2167
02038791	2168
06290637	2169
06286395	2170
01664172	2171
00243918	2172
00374063	2173
00220869	2174
14415518	2175
02002720	2176
02056466	2177
10339966	2178
05718935	2179
00868910	2180
00926472	2181
01045419	2182
00983824	2183
01843364	2184
01177118	2185
07565259	2186
08418103	2187
01018630	2188
14050143	2189
00559102	2190
00212414	2191
01812720	2192
13905792	2193
05640433	2194
01699539	2195
07007945	2196
13152742	2197
08368907	2198
07941170	2199
00096343	2200
00093483	2201
07950920	2202
13980288	2203
06725877	2204
04320126	2205
05195362	2206
00604576	2207
05651399	2208
01372049	2209
01133876	2210
04362025	2211
02469274	2212
00377169	2213
02690384	2214
02620587	2215
01987160	2216
01162754	2217
02116980	2218
01992503	2219
07445265	2220
07193596	2221
08103777	2222
00347420	2223
00345761	2224
01070187	2225
10012484	2226
00045250	2227
01643657	2228
02518990	2229
02519148	2230
02609764	2231
10541229	2232
00599234	2233
10001058	2234
10700517	2235
10523519	2236
06410391	2237
00855512	2238
02582042	2239
01186810	2240
06355307	2241
13480667	2242
01021973	2243
10469346	2244
00723056	2245
00722232	2246
00721437	2247
05808218	2248
01976089	2249
05785067	2250
07173959	2251
00932798	2252
01803936	2253
00158185	2254
04946553	2255
10451263	2256
05395690	2257
05367912	2258
03116767	2259
05664069	2260
07365193	2261
02523521	2262
00618682	2263
05840188	2264
00839619	2265
00695475	2266
06528992	2267
01127075	2268
01818835	2269
08324514	2270
09944022	2271
03775199	2272
01593254	2273
00428000	2274
02490877	2275
01350449	2276
02635794	2277
02475922	2278
02620724	2279
01137138	2280
03004358	2281
07154330	2282
00886978	2283
01040646	2284
07203126	2285
01009240	2286
01077350	2287
00869583	2288
01711749	2289
02486932	2290
10000007	2291
00677544	2292
00674607	2293
06018022	2294
06000644	2295
02348324	2296
01165692	2297
00614224	2298
13413493	2299
00358431	2300
05808102	2301
05807306	2302
10345804	2303
00939452	2304
02991302	2305
02685299	2306
09629065	2307
09628382	2308
02981759	2309
06786629	2310
14480772	2311
14479615	2312
02153709	2313
15266265	2314
00597265	2315
02727039	2316
06681551	2317
07359599	2318
07296428	2319
07238694	2320
07160883	2321
08622950	2322
02694933	2323
03125057	2324
03033986	2325
00996485	2326
02343816	2327
03211117	2328
04054795	2329
10521470	2330
02329733	2331
01407904	2332
04231693	2333
00897746	2334
10355449	2335
10363913	2336
09938672	2337
01646866	2338
09184975	2339
00817680	2340
01870867	2341
01870275	2342
02525447	2343
01069391	2344
00235368	2345
03304730	2346
14806838	2347
03932203	2348
05917477	2349
08208016	2350
00877083	2351
05277728	2352
14877585	2353
10425946	2354
06158346	2355
06207561	2356
05650329	2357
05616246	2358
07175241	2359
02453692	2360
05178715	2361
02472223	2362
02575082	2363
05985999	2364
10557854	2365
00907930	2366
00991900	2367
00991683	2368
08656590	2369
00363493	2370
15226214	2371
02643446	2372
09915964	2373
09612848	2374
02713097	2375
02887970	2376
02150510	2377
00888786	2378
00503237	2379
03011521	2380
05951323	2381
05944958	2382
05149325	2383
02670890	2384
10597234	2385
01619929	2386
03952277	2387
00165178	2388
01740608	2389
09260907	2390
00962447	2391
07135734	2392
01067816	2393
00363260	2394
00716945	2395
00712225	2396
01697816	2397
09952539	2398
01733213	2399
00752764	2400
00900726	2401
01644050	2402
00238527	2403
02067689	2404
00835903	2405
07434102	2406
06490887	2407
00946105	2408
00337210	2409
01864634	2410
00706243	2411
00044797	2412
13582013	2413
00946755	2414
02522319	2415
02458747	2416
00724150	2417
05651242	2418
00023271	2419
00387310	2420
00068333	2421
03875218	2422
01684899	2423
01332730	2424
04151940	2425
08160276	2426
09923673	2427
01986869	2428
00381601	2429
00211110	2430
02425913	2431
08378356	2432
14006945	2433
00156601	2434
05301072	2435
00022316	2436
00019448	2437
05594367	2438
05594037	2439
03432129	2440
03736970	2441
05926676	2442
05809192	2443
00387657	2444
05952490	2445
00604617	2446
02015598	2447
00053097	2448
02395395	2449
10516692	2450
02471690	2451
09958892	2452
09977660	2453
03076708	2454
00614057	2455
00140652	2456
01210737	2457
00910973	2458
01721169	2459
07006119	2460
00954422	2461
02193194	2462
10395605	2463
06413889	2464
05088324	2465
14840092	2466
14580897	2467
09632518	2468
02410855	2469
01789514	2470
00419644	2471
10716005	2472
01803003	2473
02034300	2474
07050177	2475
01256417	2476
09941571	2477
02441022	2478
00250710	2479
09969491	2480
02149302	2481
04019696	2482
01226240	2483
01548193	2484
01061017	2485
00740577	2486
00608808	2487
01182709	2488
06602148	2489
00171586	2490
05823054	2491
00896141	2492
07168131	2493
08680888	2494
00612160	2495
05566919	2496
00550282	2497
14491271	2498
14488317	2499
01139623	2500
01139104	2501
02407338	2502
02531625	2503
02337364	2504
01128193	2505
05068461	2506
02037090	2507
03614007	2508
02021532	2509
02020590	2510
07220773	2511
05216365	2512
05303402	2513
08621598	2514
02319050	2515
02669081	2516
13940456	2517
00341285	2518
05701363	2519
02426171	2520
00239230	2521
02465939	2522
02402825	2523
07252206	2524
06691442	2525
01999798	2526
09623038	2527
00314782	2528
10538272	2529
03117199	2530
00479391	2531
01323958	2532
00721098	2533
07345593	2534
06090869	2535
07445896	2536
03701640	2537
01623967	2538
00876874	2539
09812338	2540
02743547	2541
05784242	2542
05669934	2543
13792692	2544
01492052	2545
05650820	2546
00963570	2547
06634376	2548
06598915	2549
03008275	2550
00306017	2551
15144371	2552
04515129	2553
02676054	2554
13795180	2555
06712833	2556
05083328	2557
00105624	2558
01817500	2559
02511633	2560
00634906	2561
00368109	2562
13810323	2563
00636921	2564
01558440	2565
01557774	2566
05624700	2567
06818747	2568
06732350	2569
10069296	2570
10415638	2571
00930868	2572
03574816	2573
09855630	2574
06037298	2575
00190115	2576
00570590	2577
01325774	2578
00219012	2579
00048633	2580
00047945	2581
07151892	2582
07151380	2583
00343334	2584
00339934	2585
09617867	2586
02456031	2587
00730538	2588
10729175	2589
01628449	2590
10034906	2591
00955060	2592
07212190	2593
08310389	2594
00506658	2595
04773596	2596
02994448	2597
00772967	2598
01455866	2599
09887034	2600
01640855	2601
00486018	2602
01651293	2603
01641914	2604
04820258	2605
00939857	2606
00237511	2607
14598079	2608
01301410	2609
15286249	2610
00810598	2611
02487573	2612
13874384	2613
00037457	2614
06060845	2615
00598954	2616
02128873	2617
00165942	2618
00093327	2619
05171045	2620
00055539	2621
01184625	2622
01216191	2623
07992450	2624
00381013	2625
03099945	2626
13791389	2627
02568884	2628
00112628	2629
01166093	2630
00592102	2631
01118449	2632
07357388	2633
00248659	2634
02342132	2635
02752931	2636
02648253	2637
00054628	2638
10080869	2639
07644382	2640
10785695	2641
06467007	2642
09625401	2643
02496816	2644
05211044	2645
02450256	2646
00494907	2647
02493030	2648
00656576	2649
10060352	2650
13905405	2651
01729431	2652
03055809	2653
06516955	2654
00905852	2655
00903385	2656
00662182	2657
01782432	2658
10240082	2659
01588493	2660
00548326	2661
13457378	2662
00431826	2663
05686955	2664
05686481	2665
01742726	2666
00854420	2667
01644746	2668
03706653	2669
03209910	2670
01019472	2671
06427831	2672
06364641	2673
00863433	2674
00133338	2675
05567217	2676
02699141	2677
00836236	2678
00201722	2679
00927049	2680
04631067	2681
01754576	2682
06013741	2683
00153263	2684
01557614	2685
01233993	2686
04105068	2687
01181902	2688
10068234	2689
03049457	2690
04105893	2691
06797671	2692
07373803	2693
06174404	2694
06172789	2695
03696065	2696
02796623	2697
02747709	2698
02550868	2699
13541167	2700
00515154	2701
13961642	2702
10717589	2703
01206849	2704
01051082	2705
01624169	2706
10209246	2707
01661804	2708
07335097	2709
06771653	2710
13911151	2711
13870805	2712
00960961	2713
02467662	2714
06776138	2715
00696700	2716
00644503	2717
10603528	2718
02640440	2719
05922949	2720
00899292	2721
00898518	2722
00885082	2723
00885217	2724
01744111	2725
05710210	2726
01649999	2727
08293982	2728
00733632	2729
00562398	2730
10524413	2731
00900375	2732
01463963	2733
05854150	2734
06726158	2735
13844212	2736
02724417	2737
04677514	2738
04673965	2739
00119524	2740
05590366	2741
00091013	2742
02228031	2743
01539063	2744
10034201	2745
00686890	2746
00904690	2747
05459232	2748
05430628	2749
04683814	2750
09845999	2751
01002956	2752
10554455	2753
13547199	2754
10401639	2755
07272172	2756
00375071	2757
00244625	2758
01084637	2759
06780678	2760
00590626	2761
09941383	2762
01209678	2763
02127613	2764
00006336	2765
04940964	2766
10771392	2767
00205543	2768
00205079	2769
02348927	2770
02634265	2771
00820611	2772
00525446	2773
01030820	2774
00795720	2775
07548366	2776
06817623	2777
06806469	2778
00612042	2779
00610538	2780
01850315	2781
10525134	2782
14562960	2783
05549830	2784
05556204	2785
09633969	2786
02566528	2787
05481095	2788
08101410	2789
08101085	2790
01206553	2791
10206173	2792
00769092	2793
00422090	2794
01134861	2795
01739814	2796
03322099	2797
01438304	2798
10728998	2799
05461816	2800
00625774	2801
05124057	2802
00947077	2803
05558717	2804
10252222	2805
10045713	2806
05656537	2807
02034828	2808
01878466	2809
02630189	2810
05601758	2811
07128946	2812
01091905	2813
02345647	2814
02577877	2815
00041188	2816
00377364	2817
00015388	2818
00773432	2819
00173764	2820
01746605	2821
00581812	2822
00662589	2823
00506299	2824
01507134	2825
02760116	2826
00745187	2827
08426461	2828
05250659	2829
05248181	2830
00811375	2831
01688256	2832
00933420	2833
14037011	2834
07071483	2835
07066659	2836
00115803	2837
01015866	2838
01512259	2839
01660994	2840
01229938	2841
04781349	2842
01006675	2843
01112584	2844
05906554	2845
05905802	2846
00896497	2847
10045454	2848
00611433	2849
05551318	2850
00732552	2851
06767035	2852
01860795	2853
07365849	2854
00235208	2855
02644050	2856
07311661	2857
00713818	2858
00713167	2859
10575787	2860
04613158	2861
03091374	2862
01796346	2863
07528470	2864
02996605	2865
05309725	2866
05793000	2867
00213343	2868
14559983	2869
01705494	2870
07020895	2871
07109019	2872
05804793	2873
01019372	2874
02386012	2875
04821084	2876
00731789	2877
00799383	2878
10785085	2879
03005920	2880
04424418	2881
13333047	2882
05857459	2883
00397576	2884
00140123	2885
08376051	2886
02240881	2887
02023600	2888
10317007	2889
10582746	2890
01964367	2891
07090721	2892
00917772	2893
00112312	2894
00290740	2895
00441445	2896
02008396	2897
14421139	2898
01631830	2899
00090708	2900
07433662	2901
07500414	2902
05548840	2903
05590740	2904
04760771	2905
00626800	2906
04674715	2907
02032634	2908
07414740	2909
00923793	2910
03975232	2911
05775407	2912
01831531	2913
01767163	2914
10792178	2915
02071627	2916
02070874	2917
08438067	2918
02375131	2919
01161635	2920
07335243	2921
00429322	2922
00654885	2923
01711445	2924
05197797	2925
00603298	2926
07201804	2927
06418693	2928
06417598	2929
13794417	2930
00708128	2931
00503164	2932
00137313	2933
01150559	2934
01151110	2935
10266848	2936
02582450	2937
02545272	2938
00796315	2939
00784533	2940
08233056	2941
01459422	2942
00732960	2943
01049685	2944
02147603	2945
03088707	2946
13506587	2947
04682462	2948
11473138	2949
02863750	2950
01804961	2951
01144876	2952
00621627	2953
06182144	2954
13504173	2955
06740644	2956
09606009	2957
08677628	2958
02991122	2959
02141973	2960
06890846	2961
13810615	2962
13809207	2963
00205598	2964
04007664	2965
01187810	2966
02501278	2967
00933154	2968
04620216	2969
04869569	2970
13928668	2971
00040962	2972
01497736	2973
02164402	2974
01198750	2975
10498551	2976
01163847	2977
07326557	2978
00561036	2979
00508192	2980
13899200	2981
13865483	2982
02337066	2983
03525074	2984
07528212	2985
00255710	2986
00396642	2987
00336718	2988
06759349	2989
00115036	2990
01454810	2991
01428853	2992
01761706	2993
02585050	2994
05310351	2995
01261974	2996
04081844	2997
07187773	2998
07186828	2999
10003283	3000
01508368	3001
14577046	3002
02635659	3003
02730135	3004
00147595	3005
01566185	3006
07335581	3007
10080337	3008
04626705	3009
00988287	3010
10195593	3011
03150795	3012
04546855	3013
10037385	3014
10576071	3015
00931467	3016
06489659	3017
03385117	3018
00166355	3019
00166172	3020
01129977	3021
01686956	3022
02169891	3023
08574314	3024
02645007	3025
00835506	3026
00623151	3027
00629738	3028
01759326	3029
13247554	3030
01500873	3031
01037303	3032
07997703	3033
03084420	3034
11501230	3035
01640550	3036
01753596	3037
03277771	3038
14462946	3039
14462666	3040
01439745	3041
00138956	3042
03354613	3043
00082563	3044
00327031	3045
14061462	3046
01165043	3047
07423001	3048
02019021	3049
10784922	3050
06259898	3051
05825245	3052
10102506	3053
00960851	3054
00954311	3055
02938886	3056
01031705	3057
00410247	3058
02180797	3059
02461723	3060
04865722	3061
04865502	3062
00043683	3063
01000214	3064
00829107	3065
00972621	3066
00118523	3067
01202184	3068
00788564	3069
00318735	3070
13907415	3071
08513718	3072
02158587	3073
01049266	3074
08266235	3075
01168468	3076
02715229	3077
02628337	3078
06520944	3079
10507230	3080
02567519	3081
04447861	3082
04161981	3083
06740183	3084
04630689	3085
00859325	3086
00240938	3087
01569566	3088
02297742	3089
11511765	3090
10677271	3091
09882716	3092
13454318	3093
01286913	3094
11665372	3095
02623529	3096
15224486	3097
10032676	3098
09616922	3099
06753299	3100
00171852	3101
00948206	3102
07361128	3103
02468261	3104
01468576	3105
02972533	3106
00612612	3107
05279688	3108
05280365	3109
00388065	3110
02515341	3111
07414922	3112
01755504	3113
03146846	3114
00593732	3115
10694258	3116
00583239	3117
06628861	3118
00892467	3119
00908351	3120
04922113	3121
00354845	3122
00426958	3123
01628197	3124
01867295	3125
02376089	3126
00953559	3127
00429048	3128
06793426	3129
01591835	3130
01033189	3131
01252280	3132
04669247	3133
01996377	3134
02919414	3135
01487008	3136
10421470	3137
06055300	3138
00046177	3139
05772215	3140
00974367	3141
09795334	3142
06394701	3143
06398401	3144
03525252	3145
00406243	3146
01143040	3147
05625465	3148
02626604	3149
01687569	3150
05766247	3151
14890659	3152
07369604	3153
00150287	3154
02578510	3155
02128653	3156
02655135	3157
02505358	3158
14035298	3159
07355491	3160
00104539	3161
10708292	3162
04474035	3163
02741357	3164
02741149	3165
04662951	3166
01194483	3167
01191158	3168
00939035	3169
10369528	3170
00922144	3171
00913705	3172
00386915	3173
00385791	3174
01120069	3175
10488865	3176
03530910	3177
03098803	3178
03249342	3179
10642151	3180
00785470	3181
02027411	3182
10012989	3183
10241300	3184
05660268	3185
05752544	3186
15271417	3187
05839024	3188
00146572	3189
00368847	3190
02152812	3191
06598445	3192
03748886	3193
01127795	3194
14420954	3195
06811625	3196
04314914	3197
04359589	3198
01296474	3199
00944924	3200
10618007	3201
00101779	3202
07333649	3203
01848718	3204
07006712	3205
02669789	3206
02072849	3207
03996416	3208
02735418	3209
05981768	3210
06753800	3211
10383816	3212
01076793	3213
05423779	3214
05418717	3215
00940384	3216
07003119	3217
06998748	3218
10716389	3219
01250908	3220
05038593	3221
04916342	3222
01987938	3223
00021766	3224
01837744	3225
01824244	3226
01012360	3227
01089878	3228
04800359	3229
00915722	3230
15244650	3231
01011725	3232
01781478	3233
00909573	3234
10148305	3235
02373015	3236
02051031	3237
07991364	3238
14480420	3239
00443984	3240
00522537	3241
02140033	3242
02230772	3243
09469285	3244
02870092	3245
13525549	3246
03964744	3247
00013328	3248
01794668	3249
10738515	3250
10522035	3251
09847727	3252
02613275	3253
01352996	3254
00367685	3255
05869857	3256
01380638	3257
02556817	3258
02678384	3259
04376400	3260
01116380	3261
00036362	3262
05652396	3263
00059019	3264
01790020	3265
01244410	3266
01432474	3267
00854904	3268
00756780	3269
00631737	3270
02523784	3271
00066901	3272
01503404	3273
00815644	3274
00815320	3275
08402442	3276
00307631	3277
01930874	3278
06472242	3279
13366912	3280
02305856	3281
00445467	3282
02357228	3283
00989602	3284
01202728	3285
07570720	3286
01001294	3287
06742426	3288
10765098	3289
01415807	3290
02561332	3291
00025034	3292
05035961	3293
13960464	3294
02504562	3295
05790572	3296
02502916	3297
02043190	3298
02425462	3299
01645421	3300
00868196	3301
10252075	3302
01059719	3303
02237024	3304
02619424	3305
00740053	3306
10773040	3307
13244109	3308
02203362	3309
07120524	3310
00913065	3311
01083504	3312
08567877	3313
10102800	3314
07218470	3315
01732172	3316
10212780	3317
00390581	3318
01563336	3319
08108972	3320
00686447	3321
06394865	3322
06392001	3323
09998907	3324
11512818	3325
00471058	3326
03496892	3327
03322940	3328
01260291	3329
13962166	3330
02616713	3331
06278136	3332
00162167	3333
02282506	3334
04329190	3335
01173813	3336
01758308	3337
10626867	3338
09928451	3339
02234781	3340
00282076	3341
00731222	3342
10372373	3343
03485997	3344
10105085	3345
09998101	3346
04692157	3347
00263044	3348
00695226	3349
09178999	3350
00636888	3351
03473465	3352
06671484	3353
07162194	3354
01354673	3355
01953810	3356
07089751	3357
00806502	3358
06687701	3359
06199702	3360
06196584	3361
02677567	3362
03100897	3363
03302121	3364
07384741	3365
08672562	3366
01643464	3367
13464204	3368
00544549	3369
05817396	3370
05816287	3371
00521562	3372
01688771	3373
00040325	3374
05532944	3375
00924825	3376
05753564	3377
00883297	3378
13932421	3379
13927383	3380
01705257	3381
02309341	3382
07452699	3383
02102484	3384
01767949	3385
01020936	3386
01742886	3387
06765044	3388
00918820	3389
00623670	3390
02394662	3391
00164345	3392
00400883	3393
07185668	3394
07185325	3395
01654271	3396
05786184	3397
15257416	3398
09385137	3399
02798574	3400
01051331	3401
03738472	3402
04160372	3403
11676500	3404
06255354	3405
00973728	3406
11452218	3407
11419404	3408
09900981	3409
01238640	3410
01058574	3411
04679549	3412
09243769	3413
00283911	3414
06362953	3415
06398760	3416
02570062	3417
06607339	3418
10059162	3419
02471327	3420
01627355	3421
01909812	3422
07351612	3423
02468793	3424
06551784	3425
09955015	3426
13439570	3427
00294245	3428
02742842	3429
01535246	3430
07317764	3431
02405390	3432
01647229	3433
10271216	3434
01124794	3435
10351874	3436
00878636	3437
04802629	3438
00617748	3439
01227235	3440
13534954	3441
02478701	3442
01009637	3443
06399631	3444
06365467	3445
07386370	3446
02213074	3447
04770211	3448
02719399	3449
05343542	3450
01639714	3451
01544692	3452
06304671	3453
00979988	3454
10151570	3455
14406573	3456
01791535	3457
08648322	3458
01563005	3459
00971650	3460
00822367	3461
05943066	3462
02464693	3463
00829378	3464
01213886	3465
00446885	3466
01928608	3467
02454649	3468
07452348	3469
15265518	3470
01725051	3471
00394813	3472
07171206	3473
07476623	3474
01102997	3475
08357784	3476
06284225	3477
10559288	3478
10804406	3479
00950431	3480
02440523	3481
02698443	3482
00933000	3483
00114871	3484
02574516	3485
14007546	3486
00241038	3487
00351638	3488
04004210	3489
09902954	3490
06610143	3491
01065630	3492
10752480	3493
04096848	3494
05563770	3495
05579944	3496
14015731	3497
00316594	3498
04999401	3499
05511618	3500
05421414	3501
00797878	3502
01993549	3503
01462005	3504
05131283	3505
10463943	3506
09943811	3507
01140471	3508
03175081	3509
00936620	3510
05762998	3511
00618878	3512
10720964	3513
05831939	3514
04850117	3515
00090779	3516
01636221	3517
05768415	3518
05910453	3519
10741821	3520
07450651	3521
00652346	3522
13553916	3523
02495922	3524
02460619	3525
13295657	3526
13822995	3527
01103159	3528
00920778	3529
00920336	3530
13343526	3531
06731186	3532
06748969	3533
05704266	3534
02694287	3535
02690708	3536
00013160	3537
05112609	3538
06873252	3539
02343595	3540
02023107	3541
07346057	3542
00971015	3543
01029852	3544
01282014	3545
01769902	3546
01501347	3547
10629020	3548
00558371	3549
00082241	3550
06343971	3551
03921209	3552
02070466	3553
00380696	3554
01462468	3555
01017320	3556
10005548	3557
10249459	3558
10461747	3559
00776523	3560
02270342	3561
00849357	3562
01094086	3563
10428004	3564
10560637	3565
04316646	3566
00045639	3567
07373602	3568
00217773	3569
02049696	3570
08050678	3571
08220714	3572
09921409	3573
02539788	3574
08101937	3575
01981699	3576
01308160	3577
04693900	3578
05552607	3579
05766984	3580
13555446	3581
05836275	3582
07098193	3583
06170498	3584
01930117	3585
01741446	3586
01579153	3587
00059376	3588
10160012	3589
00134780	3590
01414626	3591
05395286	3592
01301051	3593
00546389	3594
02685665	3595
01281611	3596
00186616	3597
07370270	3598
10029068	3599
02660147	3600
09814660	3601
04773351	3602
05979454	3603
07109196	3604
00220276	3605
00390906	3606
00042757	3607
02389346	3608
02700064	3609
02082690	3610
06634095	3611
02237338	3612
10035809	3613
01074694	3614
00601043	3615
01254051	3616
03366721	3617
13458571	3618
00151689	3619
13087625	3620
00642098	3621
06004067	3622
08623927	3623
09285254	3624
09620078	3625
00695300	3626
10722385	3627
14578104	3628
10301261	3629
01661243	3630
07534108	3631
00935940	3632
06650431	3633
02075462	3634
10770059	3635
00788097	3636
00786195	3637
06252954	3638
01859221	3639
01076046	3640
02513269	3641
01963942	3642
01923414	3643
01170052	3644
00601378	3645
00164579	3646
00714884	3647
09997404	3648
10786517	3649
02128286	3650
04564698	3651
00843128	3652
05999797	3653
07159791	3654
01130455	3655
07356676	3656
01127379	3657
06289250	3658
00055315	3659
02063771	3660
01712704	3661
00509958	3662
05301908	3663
01511380	3664
00081072	3665
02611002	3666
07963711	3667
00638837	3668
01845229	3669
01306654	3670
03619396	3671
03430959	3672
00612114	3673
02710402	3674
02650552	3675
05784699	3676
01821423	3677
01767661	3678
02642634	3679
01678519	3680
03882611	3681
08187837	3682
02679415	3683
01313923	3684
03735637	3685
00112997	3686
05279026	3687
00990812	3688
13366311	3689
02123812	3690
01432517	3691
02723733	3692
02697725	3693
11480930	3694
08591680	3695
01262113	3696
06482401	3697
05788149	3698
07508232	3699
01080064	3700
10520804	3701
14586258	3702
00023773	3703
00023100	3704
00577068	3705
01525666	3706
02309008	3707
01449053	3708
01976146	3709
07524529	3710
10703905	3711
03431243	3712
02740204	3713
05675905	3714
07963087	3715
08060446	3716
15224293	3717
02076027	3718
00912473	3719
00380083	3720
00396703	3721
03745285	3722
04179385	3723
05148699	3724
00575970	3725
01613239	3726
01052853	3727
08053576	3728
08078020	3729
10182499	3730
04826235	3731
00356199	3732
01633173	3733
00873682	3734
07212424	3735
10161178	3736
10741590	3737
00818466	3738
01145359	3739
02422663	3740
08106934	3741
01046984	3742
02478936	3743
08191701	3744
02115430	3745
06787150	3746
05194151	3747
00933403	3748
02135048	3749
02420232	3750
09867956	3751
02409412	3752
01191755	3753
15140892	3754
15280497	3755
00066685	3756
00648931	3757
00634276	3758
00427853	3759
03087366	3760
01048718	3761
09607630	3762
02801349	3763
14562683	3764
02056880	3765
02577061	3766
06254239	3767
06741305	3768
05469032	3769
10231087	3770
02656390	3771
13313733	3772
00710005	3773
06420781	3774
00745005	3775
02238085	3776
13779374	3777
00590047	3778
01049475	3779
06045562	3780
10658304	3781
00403783	3782
05832264	3783
02600948	3784
05937112	3785
10468750	3786
02356420	3787
01190277	3788
14018567	3789
00714944	3790
01264283	3791
00324834	3792
05313535	3793
05721500	3794
05785508	3795
05784831	3796
05812038	3797
02208903	3798
01412759	3799
05217688	3800
06264176	3801
13265011	3802
01318053	3803
01317541	3804
03213014	3805
10379758	3806
02585489	3807
00849982	3808
10700201	3809
02029663	3810
02030158	3811
05774614	3812
01762839	3813
00802318	3814
01410363	3815
04750764	3816
02051694	3817
00990249	3818
00989201	3819
04639113	3820
02003725	3821
01085237	3822
00672277	3823
01012712	3824
00747029	3825
03459775	3826
01239064	3827
07547805	3828
07546465	3829
00966718	3830
00477941	3831
03126385	3832
02169352	3833
00260648	3834
00266806	3835
00599992	3836
00593613	3837
00348312	3838
01909978	3839
00796976	3840
02492198	3841
00445169	3842
07007684	3843
00372226	3844
00372013	3845
13741022	3846
01666327	3847
14562142	3848
05261566	3849
14322699	3850
10467395	3851
14492953	3852
02349212	3853
10516294	3854
03682487	3855
01243474	3856
00298161	3857
01718952	3858
07290905	3859
00804002	3860
06471345	3861
08567235	3862
01288052	3863
03330947	3864
14535643	3865
00684838	3866
01764171	3867
00002573	3868
00371487	3869
00371314	3870
03416329	3871
07405893	3872
01606574	3873
04181228	3874
06756407	3875
00202236	3876
00100543	3877
08373244	3878
07202579	3879
06633363	3880
05535484	3881
05536370	3882
07208708	3883
01636993	3884
04384406	3885
00938419	3886
03599351	3887
03138344	3888
08624385	3889
01612053	3890
06169285	3891
06153846	3892
01123148	3893
05142180	3894
10699752	3895
02911485	3896
00881649	3897
03051540	3898
00050037	3899
00102457	3900
00479932	3901
02388143	3902
01853696	3903
00077419	3904
04341414	3905
05549061	3906
08110373	3907
01230965	3908
00258857	3909
01548290	3910
00101191	3911
05734559	3912
03038281	3913
09613191	3914
02818832	3915
10487182	3916
04149083	3917
01905121	3918
13353607	3919
00731159	3920
09943541	3921
00967625	3922
10491309	3923
06714420	3924
00317207	3925
10006842	3926
02076999	3927
00116687	3928
04211356	3929
02851099	3930
04612840	3931
01375637	3932
00543233	3933
00557588	3934
05003590	3935
02278830	3936
13258362	3937
00140900	3938
00380568	3939
08064130	3940
01129876	3941
05764197	3942
05320899	3943
10308732	3944
10605985	3945
01059123	3946
13505987	3947
00383542	3948
00636461	3949
00786816	3950
00594146	3951
14371161	3952
01506583	3953
01505254	3954
01034312	3955
00440286	3956
06684572	3957
06684383	3958
14821043	3959
02550516	3960
09626589	3961
01884577	3962
00208497	3963
00374224	3964
05084201	3965
04176528	3966
03278248	3967
01147060	3968
10264437	3969
02289295	3970
06756831	3971
00737884	3972
10409752	3973
00444519	3974
14541852	3975
02545578	3976
09608709	3977
10583916	3978
05704096	3979
09470550	3980
09792555	3981
10235549	3982
15142836	3983
02766328	3984
03871083	3985
01485158	3986
05054863	3987
05051249	3988
04779649	3989
00805034	3990
01001689	3991
10442232	3992
00240184	3993
03109881	3994
00995838	3995
13929852	3996
00733044	3997
10458111	3998
00954038	3999
02689299	4000
05018934	4001
00065184	4002
06200344	4003
00707624	4004
02662297	4005
09618760	4006
10206887	4007
03018802	4008
00807178	4009
00874621	4010
02858231	4011
07205573	4012
00105333	4013
05593017	4014
05275651	4015
05790242	4016
00325502	4017
00325110	4018
15286042	4019
00082081	4020
06736405	4021
01226941	4022
05652926	4023
06080522	4024
00267349	4025
04472243	4026
01215392	4027
01030832	4028
00884540	4029
01275562	4030
01264050	4031
00729109	4032
00373130	4033
02449847	4034
05296775	4035
05267548	4036
02726017	4037
02472293	4038
05256085	4039
02475261	4040
00803325	4041
01374020	4042
00278221	4043
02507736	4044
10166762	4045
05695232	4046
05694791	4047
04060647	4048
04133211	4049
05800998	4050
10451590	4051
00148978	4052
07258664	4053
02334302	4054
01221611	4055
01220984	4056
02376277	4057
00360757	4058
10214637	4059
00041899	4060
08008335	4061
02700455	4062
05564590	4063
09786922	4064
07409592	4065
02471762	4066
00171618	4067
07137950	4068
07939638	4069
08491027	4070
08578706	4071
00485609	4072
08419562	4073
00588221	4074
00532892	4075
00874806	4076
00940412	4077
01106808	4078
09761403	4079
00590806	4080
13773539	4081
02501738	4082
06732925	4083
02663340	4084
00154433	4085
01076359	4086
02742468	4087
01704953	4088
06764244	4089
00277376	4090
02730568	4091
06355894	4092
05318831	4093
02979722	4094
13512238	4095
02510446	4096
00122954	4097
07286905	4098
07286368	4099
02541302	4100
00836705	4101
00364479	4102
04631298	4103
10209082	4104
01122149	4105
02296984	4106
04895246	4107
04485226	4108
01543998	4109
01197258	4110
00419289	4111
14497763	4112
04898437	4113
06254475	4114
14574846	4115
10150071	4116
04734885	4117
01241073	4118
00258665	4119
04361095	4120
10745894	4121
00590924	4122
01973125	4123
10461424	4124
01505991	4125
02577755	4126
07199922	4127
00816353	4128
00508032	4129
01896478	4130
07475364	4131
05157866	4132
02982790	4133
00143251	4134
00657260	4135
00079018	4136
00835267	4137
07273136	4138
01680132	4139
02610628	4140
00210797	4141
01716882	4142
00464651	4143
04366116	4144
01252601	4145
01346804	4146
01085474	4147
05797597	4148
00204943	4149
14597158	4150
00785962	4151
02274253	4152
06710546	4153
06709533	4154
08463817	4155
09854510	4156
02385634	4157
15145171	4158
01923909	4159
13840719	4160
10450303	4161
00709625	4162
05430095	4163
01279631	4164
02065085	4165
00262249	4166
05462315	4167
05578442	4168
02713218	4169
05294819	4170
09632274	4171
00056688	4172
00703512	4173
00630380	4174
10266328	4175
00272391	4176
02158896	4177
01504437	4178
01027859	4179
00760402	4180
01036333	4181
05585383	4182
00833702	4183
05305806	4184
05348884	4185
01526290	4186
02684924	4187
07432559	4188
02551144	4189
04332243	4190
03339643	4191
09851876	4192
14285662	4193
15055633	4194
14591091	4195
01954341	4196
02347637	4197
05426243	4198
00551065	4199
03493333	4200
03081021	4201
01887076	4202
00262596	4203
00446514	4204
00752298	4205
03695122	4206
07963987	4207
02680814	4208
14485526	4209
14483917	4210
00152018	4211
06677302	4212
00331950	4213
09929298	4214
00251463	4215
07375405	4216
00899927	4217
00152887	4218
09840050	4219
06324475	4220
02016523	4221
02212646	4222
00264366	4223
02691156	4224
04590553	4225
00309310	4226
02509919	4227
05397468	4228
04733640	4229
05432948	4230
05433496	4231
01792567	4232
01657828	4233
02767116	4234
11499284	4235
01376245	4236
02037989	4237
09206985	4238
03137228	4239
07292694	4240
10161363	4241
02187922	4242
02177976	4243
01073995	4244
02451912	4245
07348399	4246
01555742	4247
03017922	4248
07139316	4249
09979321	4250
02962200	4251
03722007	4252
01458664	4253
14940100	4254
06770275	4255
05237755	4256
04623113	4257
01653013	4258
07090108	4259
00795264	4260
05908520	4261
05907682	4262
10147619	4263
08462205	4264
02285392	4265
07009640	4266
02730471	4267
04701460	4268
00431447	4269
02742322	4270
01374767	4271
04289027	4272
05702726	4273
05702275	4274
01123887	4275
14702416	4276
01148614	4277
00871942	4278
00034213	4279
04997988	4280
02509287	4281
00808182	4282
04766852	4283
04766275	4284
00594621	4285
00442669	4286
13447361	4287
09505153	4288
05123760	4289
11418750	4290
02743261	4291
04726938	4292
00003553	4293
04164989	4294
02031158	4295
00292672	4296
08191532	4297
04836074	4298
02632940	4299
02348568	4300
14379829	4301
14411981	4302
00817311	4303
01551195	4304
00062806	4305
02526085	4306
00978369	4307
01704452	4308
00591115	4309
00611802	4310
01902783	4311
02484570	4312
01428381	4313
01588134	4314
03327234	4315
00374534	4316
00356258	4317
00646271	4318
01236795	4319
05861067	4320
13252973	4321
00032613	4322
10285762	4323
00509377	4324
00334186	4325
11412727	4326
05263850	4327
00019613	4328
02711114	4329
07099271	4330
10053808	4331
01437254	4332
00623162	4333
13889843	4334
06095022	4335
05653848	4336
00172710	4337
07367548	4338
00086809	4339
01293389	4340
09758781	4341
05822612	4342
07138915	4343
06743230	4344
00893435	4345
00697589	4346
00359492	4347
01560731	4348
00950858	4349
14414715	4350
00648224	4351
00049003	4352
06539770	4353
00931040	4354
01008947	4355
08057633	4356
09868270	4357
00452512	4358
00402535	4359
07324380	4360
05510702	4361
13794034	4362
00418025	4363
07423899	4364
00402539	4365
00327824	4366
04261116	4367
01913532	4368
04764412	4369
01426077	4370
05637558	4371
01848355	4372
04789274	4373
05888929	4374
00433232	4375
05779712	4376
14464203	4377
00779248	4378
09898346	4379
01168569	4380
01071411	4381
01233027	4382
05069199	4383
04216634	4384
06135915	4385
09823287	4386
00918471	4387
04080833	4388
07964495	4389
07326880	4390
07340249	4391
00322457	4392
00806902	4393
02511551	4394
00121865	4395
01770802	4396
13455487	4397
10401829	4398
02403920	4399
09048460	4400
06652242	4401
02524171	4402
09762821	4403
07223985	4404
07223170	4405
02610845	4406
00090186	4407
00781303	4408
01440378	4409
01439190	4410
00426581	4411
00050693	4412
02440020	4413
04209613	4414
02873839	4415
05395098	4416
02712243	4417
01772960	4418
07366289	4419
10466918	4420
04198797	4421
05849284	4422
13555775	4423
00164152	4424
09878275	4425
14499594	4426
02424254	4427
01646300	4428
00893955	4429
02297142	4430
00923321	4431
00064643	4432
02527085	4433
05623628	4434
05735478	4435
00737973	4436
06687178	4437
08406486	4438
02427103	4439
01434278	4440
02454312	4441
05529286	4442
05287882	4443
01986185	4444
09269972	4445
10786270	4446
01227190	4447
06686736	4448
06685198	4449
00888009	4450
00908099	4451
00980779	4452
01693727	4453
01205696	4454
06099269	4455
05282746	4456
05308310	4457
01539633	4458
10502046	4459
01147451	4460
00952841	4461
07328942	4462
04879092	4463
07180570	4464
07705711	4465
08620763	4466
00230746	4467
05462674	4468
01887474	4469
10529231	4470
01556178	4471
04819026	4472
00697923	4473
02734217	4474
01325536	4475
00156390	4476
09771664	4477
01827858	4478
06502378	4479
06647206	4480
03931044	4481
01778017	4482
01069190	4483
00777931	4484
07191777	4485
03180504	4486
00348571	4487
01878719	4488
00880269	4489
10731244	4490
09631129	4491
07111047	4492
00318035	4493
00173283	4494
06253371	4495
01105909	4496
10034785	4497
00925207	4498
00140967	4499
01316619	4500
01014990	4501
13154077	4502
07136940	4503
07286799	4504
10652954	4505
06018465	4506
03020034	4507
04171831	4508
06210363	4509
06196284	4510
01548694	4511
03768346	4512
06359877	4513
00319176	4514
01447257	4515
01800349	4516
01815628	4517
04864200	4518
00708980	4519
02681518	4520
00125629	4521
02576349	4522
10100761	4523
06000400	4524
02378183	4525
02377938	4526
03836062	4527
05633385	4528
13561719	4529
02955247	4530
05941423	4531
05133535	4532
02388950	4533
02376958	4534
09767197	4535
01779165	4536
01591621	4537
01356370	4538
03327841	4539
09758885	4540
06650070	4541
02853016	4542
14842091	4543
00004227	4544
03319745	4545
04211528	4546
10292316	4547
00043411	4548
10514429	4549
10691600	4550
00352826	4551
02568672	4552
01468327	4553
01194904	4554
01322675	4555
02172888	4556
02176268	4557
13962498	4558
08227214	4559
02613487	4560
00179311	4561
09376198	4562
04840981	4563
00226618	4564
00007347	4565
01283746	4566
10743124	4567
01208291	4568
00429968	4569
00429060	4570
05559727	4571
08180190	4572
00717045	4573
02861617	4574
00639975	4575
06615561	4576
05699434	4577
02706046	4578
01482449	4579
08008017	4580
00692143	4581
01214265	4582
08399586	4583
08403225	4584
10323182	4585
03315023	4586
01766748	4587
03679712	4588
09313716	4589
10165448	4590
02439732	4591
01272397	4592
00181476	4593
02761392	4594
01979241	4595
00058002	4596
00214951	4597
14499262	4598
00276373	4599
04287153	4600
00759269	4601
00090888	4602
02219094	4603
13365698	4604
00249501	4605
00510050	4606
13583724	4607
02444662	4608
06549661	4609
01070777	4610
05853449	4611
05850624	4612
01116585	4613
15046900	4614
05150129	4615
02447793	4616
00154233	4617
03178782	4618
09991867	4619
01103000	4620
01083077	4621
09476521	4622
09190918	4623
14017332	4624
00969370	4625
02807731	4626
01456771	4627
01224001	4628
05154908	4629
04004767	4630
05161967	4631
10423589	4632
02458103	4633
06889330	4634
05748285	4635
06253518	4636
01175224	4637
05704694	4638
03424630	4639
03579982	4640
07961480	4641
06799897	4642
00823436	4643
04069276	4644
06613056	4645
06400510	4646
02625016	4647
02624263	4648
08558963	4649
02060141	4650
00056188	4651
00055142	4652
00236592	4653
05599617	4654
00205649	4655
05796750	4656
01212572	4657
00912833	4658
00835294	4659
00752144	4660
01979901	4661
02005948	4662
01023636	4663
01184814	4664
02154416	4665
02153445	4666
00229260	4667
07882497	4668
01666131	4669
02559752	4670
04935528	4671
04935239	4672
14287113	4673
02427916	4674
06755568	4675
04055861	4676
04638175	4677
01981036	4678
07362218	4679
14442530	4680
02646931	4681
02262542	4682
07193184	4683
10332385	4684
05003423	4685
05002822	4686
08081668	4687
03793186	4688
03391770	4689
09624559	4690
00065575	4691
02523953	4692
05566097	4693
05581693	4694
01474209	4695
02694426	4696
02584097	4697
00545557	4698
01169317	4699
10484858	4700
00455348	4701
08560952	4702
00986027	4703
07161429	4704
10563826	4705
01629958	4706
10677713	4707
00851239	4708
09815790	4709
02414710	4710
00732224	4711
02390470	4712
10203949	4713
10118844	4714
08292756	4715
07364700	4716
07309781	4717
08681222	4718
02033295	4719
02654416	4720
13989627	4721
01414288	4722
00556193	4723
00277569	4724
01577093	4725
01736822	4726
10740219	4727
06743362	4728
05466005	4729
05465868	4730
02732798	4731
15274863	4732
05221895	4733
14413644	4734
05802185	4735
02907473	4736
02169702	4737
03669886	4738
00782057	4739
00845523	4740
02887741	4741
02074377	4742
13576101	4743
06740919	4744
07390400	4745
15274074	4746
10205985	4747
01067070	4748
01066881	4749
01538629	4750
00717748	4751
03058107	4752
05501185	4753
03714721	4754
14860102	4755
01566490	4756
01258617	4757
03764276	4758
00727791	4759
01222477	4760
01819554	4761
08058098	4762
02842445	4763
04472726	4764
00969873	4765
10212501	4766
01412548	4767
00306314	4768
05849789	4769
00144314	4770
00638585	4771
02540347	4772
05765901	4773
13892897	4774
00002137	4775
10534389	4776
00791134	4777
10404998	4778
01332205	4779
00643473	4780
09429387	4781
13523661	4782
14451349	4783
08107499	4784
01333082	4785
07373277	4786
13342692	4787
14298815	4788
10754281	4789
00095502	4790
00035189	4791
04328946	4792
05434927	4793
05436080	4794
01243661	4795
04802403	4796
00632438	4797
00407848	4798
05674584	4799
01392080	4800
01760944	4801
02094569	4802
00850501	4803
02241107	4804
00582388	4805
02215001	4806
14422179	4807
01237167	4808
07976936	4809
03659809	4810
08358594	4811
08359949	4812
04105438	4813
00635205	4814
08612786	4815
00135504	4816
00069295	4817
00911048	4818
00908909	4819
05387167	4820
00779061	4821
00136991	4822
00521209	4823
01040707	4824
02321009	4825
00707366	4826
00079398	4827
01224031	4828
01745722	4829
08062623	4830
00294522	4831
13549672	4832
06252743	4833
02743727	4834
00977336	4835
03892891	4836
02204692	4837
00589217	4838
06256697	4839
06258680	4840
01129532	4841
04693384	4842
05770664	4843
05559908	4844
00115157	4845
10036266	4846
01329186	4847
01328702	4848
01771535	4849
10268180	4850
07137129	4851
01037650	4852
05951566	4853
07009538	4854
05329215	4855
05532795	4856
07321772	4857
07227772	4858
09862345	4859
01580050	4860
00900616	4861
09843602	4862
01173038	4863
01321002	4864
13559782	4865
13427078	4866
01877204	4867
01414088	4868
00104868	4869
07436100	4870
01516290	4871
00075135	4872
05657718	4873
06364149	4874
01221790	4875
01076488	4876
00604694	4877
07417043	4878
02487718	4879
01903756	4880
07519040	4881
07518261	4882
00611256	4883
01549420	4884
01549187	4885
00779374	4886
04702688	4887
02103481	4888
10115082	4889
02515080	4890
00391599	4891
01117164	4892
13968547	4893
06693198	4894
04551375	4895
01490336	4896
00678282	4897
00645415	4898
07072698	4899
10380672	4900
02679012	4901
05859991	4902
00138508	4903
00346693	4904
02760658	4905
00846462	4906
05136343	4907
02560548	4908
01202904	4909
13740168	4910
02133435	4911
01298931	4912
01298668	4913
00947439	4914
05984287	4915
07416714	4916
01738774	4917
02575723	4918
02357072	4919
10692482	4920
10113997	4921
00528990	4922
00360143	4923
01056554	4924
05826291	4925
05824739	4926
01101958	4927
04783247	4928
05417975	4929
00967455	4930
02673965	4931
10001217	4932
01068380	4933
07187996	4934
00052500	4935
00048374	4936
01138670	4937
03316406	4938
04008385	4939
13458268	4940
02985137	4941
01484714	4942
01484392	4943
00114837	4944
01177314	4945
06757891	4946
10075529	4947
07300960	4948
07301336	4949
02413140	4950
01684663	4951
07319909	4952
10204921	4953
01251928	4954
00546192	4955
10391653	4956
00124880	4957
01870889	4958
00070641	4959
10703692	4960
00669970	4961
06523132	4962
00210518	4963
14403282	4964
14418662	4965
04750164	4966
07510923	4967
10319796	4968
08322981	4969
13728499	4970
04248607	4971
01003249	4972
04841358	4973
00638981	4974
01913237	4975
03213826	4976
01468058	4977
06731510	4978
06470073	4979
00666510	4980
00730247	4981
01994442	4982
08059870	4983
02469443	4984
09769636	4985
13095685	4986
06591442	4987
10286539	4988
10402824	4989
10706812	4990
02522864	4991
02334595	4992
04051549	4993
07747455	4994
03197446	4995
00563824	4996
00750532	4997
09824609	4998
00067274	4999
06791372	5000
02530167	5001
01328705	5002
02728763	5003
01821266	5004
04660536	5005
00157081	5006
13761171	5007
08559155	5008
00055871	5009
02389592	5010
00306426	5011
05682570	5012
00298767	5013
05982152	5014
00053609	5015
00342980	5016
04680285	5017
00310201	5018
02560767	5019
02286027	5020
02584915	5021
02407987	5022
01259005	5023
01160031	5024
00042311	5025
00622068	5026
01921772	5027
14001348	5028
01857392	5029
00206998	5030
01207609	5031
00367768	5032
00784388	5033
02329578	5034
02517169	5035
14408951	5036
04014297	5037
00372977	5038
06761603	5039
06761099	5040
02697950	5041
13268146	5042
02261888	5043
02756098	5044
01030132	5045
00715868	5046
06734467	5047
10561861	5048
06532330	5049
07254057	5050
09927451	5051
03243625	5052
00754280	5053
00222135	5054
00841580	5055
01363482	5056
03503997	5057
01774136	5058
00322228	5059
01215902	5060
02151625	5061
00770270	5062
02567147	5063
13863771	5064
00770141	5065
05854812	5066
01264336	5067
04650201	5068
00261705	5069
02476870	5070
07203696	5071
10763725	5072
05557839	5073
01718867	5074
06282651	5075
02071142	5076
13426376	5077
00034574	5078
00522751	5079
03194812	5080
03876519	5081
07959016	5082
05309591	5083
14031523	5084
15180528	5085
01226215	5086
00465762	5087
01198307	5088
07555863	5089
00736216	5090
01634424	5091
01634142	5092
01377032	5093
10746346	5094
10063461	5095
09821831	5096
07087777	5097
07070429	5098
00081725	5099
00309792	5100
10624310	5101
00872107	5102
00413239	5103
01389942	5104
01622795	5105
00218427	5106
00470701	5107
01237415	5108
01378123	5109
04618781	5110
05544432	5111
00475183	5112
10577284	5113
10309896	5114
07242104	5115
01210152	5116
02265979	5117
13359572	5118
05147940	5119
02685951	5120
13307901	5121
08565701	5122
10180580	5123
00402130	5124
02937108	5125
06316048	5126
05318606	5127
06057539	5128
01384164	5129
00677021	5130
02505716	5131
04456276	5132
13329641	5133
13423922	5134
05404074	5135
01412912	5136
04717139	5137
08660339	5138
01554799	5139
01201021	5140
01720660	5141
03180969	5142
05692910	5143
00209174	5144
00386676	5145
05675130	5146
02589576	5147
00264529	5148
00243124	5149
01238424	5150
00731000	5151
02286204	5152
02062212	5153
07270179	5154
06610992	5155
03002351	5156
05010062	5157
00278040	5158
04761212	5159
00625393	5160
06312966	5161
01423285	5162
13955461	5163
01356038	5164
05296639	5165
00446695	5166
01013770	5167
05663671	5168
01932973	5169
01101391	5170
02221959	5171
00365709	5172
02573127	5173
09984659	5174
00712708	5175
01433294	5176
01691057	5177
05121418	5178
00591006	5179
00278555	5180
05981230	5181
01077887	5182
10463714	5183
00427580	5184
01631534	5185
10544748	5186
13989863	5187
00940709	5188
07495551	5189
00798539	5190
07208000	5191
01668603	5192
01538469	5193
09962966	5194
09609232	5195
07561112	5196
05176188	5197
05765415	5198
05765159	5199
13451804	5200
13461162	5201
10786033	5202
00673983	5203
00829761	5204
00451461	5205
02577586	5206
14445226	5207
07305234	5208
00945853	5209
09213828	5210
06410904	5211
00664483	5212
14561618	5213
10378412	5214
00592883	5215
02428487	5216
01501184	5217
02903204	5218
14873641	5219
07132415	5220
03005423	5221
07039478	5222
02186868	5223
04202417	5224
09794917	5225
01629589	5226
13558490	5227
01540449	5228
00870453	5229
03984381	5230
09779790	5231
07214994	5232
00833199	5233
01724459	5234
15141486	5235
02267989	5236
00359903	5237
05019661	5238
00445802	5239
05584928	5240
05578251	5241
05832745	5242
09451517	5243
00043765	5244
00037396	5245
01989669	5246
00043902	5247
00795632	5248
01218327	5249
03104594	5250
00725772	5251
01835276	5252
01834918	5253
07245125	5254
08651247	5255
08673395	5256
02581900	5257
00313987	5258
00630026	5259
01762528	5260
08435388	5261
00689205	5262
13896369	5263
02558951	5264
02036339	5265
00696518	5266
00002684	5267
05800611	5268
01662118	5269
01635176	5270
05916739	5271
00171590	5272
05609884	5273
00298497	5274
03385557	5275
02050132	5276
02698944	5277
02442205	5278
05550330	5279
02663643	5280
02711987	5281
00234725	5282
00040152	5283
02257370	5284
00931847	5285
10596899	5286
02681084	5287
03570709	5288
05700087	5289
02130300	5290
13780719	5291
07375635	5292
09278537	5293
06115701	5294
05593871	5295
05585665	5296
06428216	5297
05017458	5298
05017230	5299
01225461	5300
00344125	5301
10491575	5302
01156115	5303
07407777	5304
04840011	5305
04849241	5306
02137132	5307
07176962	5308
00552097	5309
05980875	5310
00794367	5311
04733204	5312
01989562	5313
05902545	5314
09802050	5315
10580030	5316
05830059	5317
07352190	5318
02235842	5319
00276068	5320
00275843	5321
02536329	5322
04766620	5323
07881800	5324
09559201	5325
02607455	5326
09975425	5327
01658762	5328
05891783	5329
01127019	5330
01103614	5331
06694796	5332
00338559	5333
02295208	5334
00466651	5335
00373278	5336
02744651	5337
00407633	5338
06876144	5339
06876309	5340
15255641	5341
05634219	5342
01195867	5343
08146593	5344
00571596	5345
06773150	5346
00024264	5347
05516366	5348
04294614	5349
01139194	5350
02037708	5351
07246036	5352
02304648	5353
08081403	5354
00729378	5355
02451113	5356
00836788	5357
07139151	5358
07140659	5359
14004317	5360
00414409	5361
00414627	5362
10201535	5363
08307589	5364
14548343	5365
00716758	5366
10457444	5367
05528854	5368
02851001	5369
05868477	5370
02426395	5371
00475787	5372
01202374	5373
01239359	5374
05817845	5375
03579538	5376
08510666	5377
01333301	5378
08146782	5379
01023820	5380
10660333	5381
10256537	5382
01202415	5383
00467451	5384
09873604	5385
06313651	5386
10178611	5387
00232542	5388
02598211	5389
07360647	5390
10252547	5391
10210648	5392
10495167	5393
00083260	5394
02539334	5395
05891572	5396
04187233	5397
08628921	5398
09893600	5399
10052843	5400
00117985	5401
02760855	5402
02518813	5403
00915605	5404
02438535	5405
00159177	5406
03521076	5407
14704966	5408
00991838	5409
01299758	5410
10556518	5411
01013040	5412
00213052	5413
00348008	5414
02119874	5415
00428404	5416
05009170	5417
09961999	5418
03613592	5419
10341955	5420
01211098	5421
02983097	5422
03471030	5423
00841901	5424
10633450	5425
06732710	5426
01590007	5427
00828237	5428
00941974	5429
00781912	5430
02299269	5431
10441694	5432
00355252	5433
00757856	5434
05850823	5435
00237869	5436
02995345	5437
06732013	5438
13793504	5439
09960688	5440
02082527	5441
10687231	5442
06396930	5443
02590340	5444
02161922	5445
08132637	5446
07521039	5447
01101913	5448
01108148	5449
00787465	5450
05471629	5451
07142365	5452
00878136	5453
13905121	5454
10308504	5455
02636516	5456
01722077	5457
06608728	5458
06751974	5459
01633825	5460
04821451	5461
00670991	5462
03728811	5463
01752167	5464
09820263	5465
01825671	5466
10180178	5467
00156625	5468
00803815	5469
01886756	5470
01830946	5471
00779601	5472
07312221	5473
15277730	5474
04983122	5475
04250026	5476
01578254	5477
05820620	5478
05470189	5479
03129123	5480
01115349	5481
01021420	5482
14064644	5483
02283716	5484
00073584	5485
01042531	5486
05520699	5487
00208836	5488
11444643	5489
07439570	5490
02068413	5491
07241837	5492
14864360	5493
05304932	5494
01611516	5495
10227985	5496
05192451	5497
06177033	5498
06094774	5499
00572489	5500
00923307	5501
07447261	5502
02262139	5503
00611972	5504
03838160	5505
06687358	5506
00818974	5507
07395104	5508
01101329	5509
02464132	5510
07148192	5511
00231557	5512
05806623	5513
05272110	5514
02440244	5515
02621853	5516
00763399	5517
10191943	5518
01201429	5519
07362075	5520
10019888	5521
03225238	5522
00383606	5523
10074339	5524
08549070	5525
10314952	5526
09621545	5527
00935987	5528
00978173	5529
01266491	5530
00768062	5531
13792579	5532
00730052	5533
10009484	5534
10215623	5535
09774266	5536
01150370	5537
06880664	5538
00404726	5539
03537412	5540
04027023	5541
02898711	5542
14052046	5543
07414566	5544
00010435	5545
00925873	5546
10481003	5547
00244416	5548
09953178	5549
00290302	5550
00051712	5551
10389398	5552
05167618	5553
00230276	5554
00796588	5555
06724763	5556
04933544	5557
00050652	5558
00488617	5559
04628192	5560
01761120	5561
00862683	5562
01014066	5563
00381680	5564
01028655	5565
00631378	5566
05166805	5567
14547369	5568
07184391	5569
00262743	5570
06364329	5571
02495038	5572
02415831	5573
04590746	5574
03744276	5575
04649261	5576
09627906	5577
03387016	5578
00901799	5579
00453731	5580
09770949	5581
07353075	5582
04617562	5583
07926127	5584
14010636	5585
10509389	5586
01721556	5587
05479314	5588
10455619	5589
03579355	5590
07344528	5591
01986806	5592
05595083	5593
02704349	5594
00958896	5595
01092366	5596
05290756	5597
00190783	5598
06880249	5599
06879180	5600
03103198	5601
02409941	5602
02303761	5603
06003682	5604
05896059	5605
05978159	5606
09184834	5607
02598143	5608
14504726	5609
00027807	5610
13508651	5611
00444309	5612
00932624	5613
01225562	5614
01686439	5615
00341695	5616
02108791	5617
00612652	5618
10009276	5619
02185373	5620
03246052	5621
01489465	5622
03547054	5623
02586458	5624
00893741	5625
01126961	5626
01627947	5627
00564857	5628
01726172	5629
00420477	5630
02460483	5631
07406765	5632
13331634	5633
07415730	5634
01978576	5635
02537960	5636
01398919	5637
00484892	5638
13928388	5639
08664443	5640
05781347	5641
02314275	5642
02205272	5643
01285440	5644
04934546	5645
01933900	5646
00706975	5647
06892016	5648
00019792	5649
05199869	5650
07518468	5651
01531375	5652
05793554	5653
00078760	5654
05986948	5655
05901508	5656
02806907	5657
00696189	5658
06733939	5659
02340360	5660
06742772	5661
13496517	5662
00392950	5663
01013434	5664
00916123	5665
00151087	5666
00100253	5667
10418101	5668
03238131	5669
07521674	5670
03200701	5671
08647616	5672
00989084	5673
03377582	5674
03899328	5675
00647929	5676
10592397	5677
10486349	5678
06619428	5679
02569630	5680
00812298	5681
01211699	5682
00351824	5683
00691516	5684
05802912	5685
07194499	5686
01884974	5687
05783940	5688
02581477	5689
05565696	5690
01549905	5691
00403466	5692
13813765	5693
10126177	5694
11480698	5695
02902250	5696
00182269	5697
07240549	5698
02578235	5699
00309582	5700
06410776	5701
14407899	5702
15152062	5703
02716165	5704
09901642	5705
00953058	5706
06367107	5707
00005041	5708
01193886	5709
01054545	5710
00038849	5711
08566707	5712
07262704	5713
04645943	5714
01146576	5715
10336234	5716
00703875	5717
00797430	5718
01101753	5719
05447599	5720
02897524	5721
05691376	5722
05162455	5723
00754767	5724
01452593	5725
04990220	5726
07490713	5727
05555688	5728
01590747	5729
10516874	5730
00844994	5731
00916909	5732
04898208	5733
04016240	5734
01164273	5735
02965783	5736
03773035	5737
02702508	5738
00872541	5739
01644522	5740
13948026	5741
05296253	5742
05286536	5743
00262703	5744
00372665	5745
02671421	5746
00200863	5747
00394610	5748
11552386	5749
06506757	5750
05803212	5751
01350994	5752
00047317	5753
01626420	5754
03664514	5755
00004258	5756
00636061	5757
10150794	5758
01986538	5759
01759182	5760
04151581	5761
06425065	5762
01679980	5763
14686913	5764
00961586	5765
05952979	5766
07355887	5767
01570403	5768
10107303	5769
03499142	5770
05468849	5771
10562283	5772
13790712	5773
03956922	5774
02914991	5775
05845140	5776
04296562	5777
09810166	5778
02690093	5779
02500902	5780
13365286	5781
02934888	5782
01747717	5783
05602548	5784
01009190	5785
01008378	5786
10165109	5787
00793785	5788
02678663	5789
05034225	5790
02782815	5791
04209239	5792
00048656	5793
09825096	5794
00775831	5795
01973759	5796
03878963	5797
10159714	5798
03062280	5799
00609236	5800
01872645	5801
02125223	5802
00937208	5803
01190884	5804
01180695	5805
07290278	5806
10372076	5807
07045353	5808
02137907	5809
13554343	5810
13405962	5811
07343363	5812
08108627	5813
00059127	5814
15109745	5815
02392600	5816
07363346	5817
09790482	5818
10464178	5819
00206927	5820
04446521	5821
01240210	5822
00928947	5823
03925226	5824
02217695	5825
09614047	5826
00734054	5827
00056930	5828
15142167	5829
00275607	5830
00425090	5831
03181293	5832
13275847	5833
03264136	5834
05820170	5835
06387980	5836
02963821	5837
02372326	5838
00961001	5839
04606358	5840
00584367	5841
01090308	5842
01745536	5843
07002992	5844
00748515	5845
10625860	5846
08511241	5847
00764222	5848
02504131	5849
14451020	5850
06602935	5851
00908621	5852
01014731	5853
09631463	5854
05309050	5855
06201042	5856
11414608	5857
00002325	5858
00359614	5859
01809064	5860
01233397	5861
05199286	5862
03365991	5863
01549719	5864
03546340	5865
09931640	5866
07407970	5867
04476116	5868
15272029	5869
07472929	5870
10399491	5871
03916720	5872
05829480	5873
01261490	5874
00003316	5875
06721949	5876
10576316	5877
05761380	5878
01967104	5879
03365592	5880
07488340	5881
02459173	5882
00877127	5883
13486270	5884
00203866	5885
06371413	5886
01078783	5887
10646942	5888
14463826	5889
00062451	5890
01227675	5891
06389553	5892
08188638	5893
01041954	5894
00168658	5895
00803394	5896
04735233	5897
04650527	5898
10140051	5899
01383638	5900
00014549	5901
03288225	5902
04871374	5903
00020827	5904
01335804	5905
00879540	5906
02400378	5907
05828102	5908
14036203	5909
14023997	5910
05689801	5911
02185988	5912
00566298	5913
06757057	5914
05249636	5915
10564224	5916
00068617	5917
01104637	5918
00617989	5919
13769317	5920
04073208	5921
07505047	5922
01781180	5923
07450842	5924
15256245	5925
10538154	5926
10253995	5927
00682230	5928
02178866	5929
09942970	5930
02554922	5931
08497294	5932
13096863	5933
14578471	5934
08381436	5935
05480794	5936
14010927	5937
00354634	5938
01158572	5939
04585745	5940
04756025	5941
01253808	5942
03419014	5943
01159655	5944
05576573	5945
10757492	5946
10526927	5947
00868591	5948
00700708	5949
00298556	5950
01734300	5951
04016576	5952
00111129	5953
04768657	5954
02910789	5955
00045907	5956
10665302	5957
06756680	5958
03206718	5959
05153520	5960
03619890	5961
10418841	5962
02117649	5963
05896733	5964
10393909	5965
00734348	5966
06629858	5967
01685601	5968
00900957	5969
00191980	5970
06171040	5971
05405946	5972
05398609	5973
00917211	5974
00353782	5975
05111835	5976
09904057	5977
00163592	5978
09630641	5979
04937043	5980
02261386	5981
00629257	5982
05838176	5983
07447022	5984
06161718	5985
00356367	5986
02364448	5987
05138208	5988
00537339	5989
13864153	5990
00943281	5991
02752695	5992
00588598	5993
00715074	5994
05810948	5995
00720565	5996
14515463	5997
02444159	5998
06768901	5999
01988080	6000
13910384	6001
09310460	6002
09765278	6003
00714531	6004
05595531	6005
01548576	6006
08054417	6007
01053207	6008
01872877	6009
04065464	6010
00097504	6011
11677743	6012
10046527	6013
06798558	6014
00052672	6015
00257770	6016
01023574	6017
00539546	6018
00820801	6019
08559508	6020
00722675	6021
01343892	6022
00169806	6023
09609871	6024
02253154	6025
00471196	6026
03918737	6027
04700642	6028
05161614	6029
01225970	6030
01280645	6031
00914632	6032
01629000	6033
00988028	6034
00156812	6035
02506546	6036
03488188	6037
09795124	6038
02130160	6039
04846770	6040
01610463	6041
00591519	6042
05465567	6043
13560079	6044
00119266	6045
02883344	6046
03120029	6047
03650173	6048
02372605	6049
07885937	6050
05803938	6051
07296190	6052
09791530	6053
06148148	6054
02641957	6055
06397307	6056
00356621	6057
00859153	6058
00058519	6059
09802239	6060
07323922	6061
01769843	6062
02686625	6063
02052476	6064
02099019	6065
00610010	6066
00744443	6067
00852506	6068
00665358	6069
03949442	6070
02555434	6071
05329533	6072
05289057	6073
00990008	6074
05761559	6075
07491038	6076
10553805	6077
02551832	6078
00066636	6079
00463543	6080
02853218	6081
14481080	6082
07497976	6083
05724694	6084
01658188	6085
03210940	6086
02107248	6087
10334101	6088
14425103	6089
05282433	6090
00798717	6091
10383505	6092
06376154	6093
14046202	6094
04661151	6095
07248801	6096
02682424	6097
10169796	6098
08109624	6099
01466543	6100
01258302	6101
01233194	6102
01434822	6103
03274796	6104
10434725	6105
02108377	6106
04623612	6107
04435870	6108
02679142	6109
10082146	6110
01412346	6111
08252211	6112
05344848	6113
05333777	6114
05721180	6115
00150202	6116
02159427	6117
01007924	6118
07959269	6119
05289297	6120
11669921	6121
08398773	6122
01309478	6123
14560612	6124
02769460	6125
02089984	6126
10335801	6127
05755156	6128
06172502	6129
14575399	6130
07240925	6131
02479154	6132
05176607	6133
00781685	6134
06345131	6135
03840327	6136
01015310	6137
08179879	6138
06355705	6139
00626188	6140
07243193	6141
00067990	6142
04602044	6143
03544360	6144
04729328	6145
02706691	6146
02404224	6147
02336483	6148
03405265	6149
00033599	6150
01191975	6151
05537576	6152
03882058	6153
04188643	6154
01667132	6155
05710020	6156
14379130	6157
07527352	6158
05831784	6159
13859043	6160
02476219	6161
08400965	6162
02749778	6163
06152821	6164
00289082	6165
00808855	6166
02838592	6167
10426454	6168
00751779	6169
09937688	6170
03673971	6171
08473482	6172
03308152	6173
05262185	6174
02140781	6175
00855794	6176
05435277	6177
01706129	6178
08679972	6179
00063652	6180
00199707	6181
10114550	6182
02165543	6183
04162706	6184
10692883	6185
04821802	6186
00896555	6187
13275495	6188
04762355	6189
04551055	6190
02660819	6191
00028362	6192
02069248	6193
01150981	6194
01538161	6195
00050195	6196
00776846	6197
00610373	6198
09963914	6199
00398704	6200
11498040	6201
05670972	6202
07794159	6203
07776866	6204
00306102	6205
08054721	6206
09944160	6207
10307234	6208
00610738	6209
02218759	6210
04553703	6211
00689344	6212
00613683	6213
03244388	6214
04711435	6215
01129201	6216
03739518	6217
05781800	6218
01976220	6219
06258031	6220
00222248	6221
01428580	6222
02528163	6223
00741685	6224
04648207	6225
00218208	6226
06467445	6227
02463403	6228
01460421	6229
05978623	6230
03290771	6231
07314277	6232
00042457	6233
01877620	6234
00102779	6235
01160729	6236
01642437	6237
00746479	6238
00902424	6239
05467054	6240
13896100	6241
02084252	6242
00844941	6243
10054657	6244
00103696	6245
04939324	6246
00889229	6247
00392093	6248
10792856	6249
07395446	6250
00204439	6251
05309392	6252
05335310	6253
04686003	6254
02535716	6255
05773049	6256
08568978	6257
13354985	6258
04007894	6259
08592656	6260
14001728	6261
02554647	6262
10360101	6263
01254324	6264
10645611	6265
10122300	6266
13761966	6267
00884778	6268
02717102	6269
10617193	6270
09937903	6271
06321054	6272
00234892	6273
14425414	6274
06472025	6275
10608385	6276
01139865	6277
06346681	6278
01935233	6279
02318464	6280
00882802	6281
06688522	6282
01400044	6283
05864177	6284
04461696	6285
07387509	6286
08103457	6287
01182654	6288
00242808	6289
05792842	6290
01022178	6291
04192698	6292
00858568	6293
09910374	6294
00212808	6295
00052334	6296
04689450	6297
02678839	6298
00758627	6299
01278427	6300
00592702	6301
02229828	6302
06374587	6303
13308999	6304
15257692	6305
15224692	6306
04298308	6307
08239808	6308
13331198	6309
10773126	6310
03906997	6311
04608567	6312
09328904	6313
04295081	6314
10294602	6315
02452885	6316
00949974	6317
08478482	6318
13773361	6319
05476256	6320
06346461	6321
05088056	6322
05087297	6323
05432736	6324
10638385	6325
02629390	6326
10609092	6327
00290276	6328
01083044	6329
00609953	6330
05602835	6331
04759849	6332
00432683	6333
00747135	6334
01214171	6335
01990694	6336
00797299	6337
05367341	6338
09831962	6339
00716531	6340
04275661	6341
00902652	6342
02321391	6343
02517442	6344
05602132	6345
10384214	6346
01323449	6347
02357693	6348
00922438	6349
11414874	6350
07363883	6351
00728975	6352
00776059	6353
05338410	6354
05329735	6355
09607280	6356
02379198	6357
13536794	6358
01240432	6359
10309347	6360
00707956	6361
00055633	6362
07215377	6363
00468480	6364
00467719	6365
05047279	6366
07419233	6367
00048225	6368
00306723	6369
07308563	6370
07999699	6371
14699752	6372
00013615	6373
14010148	6374
01350283	6375
07338681	6376
01239619	6377
04357930	6378
04039041	6379
05610008	6380
01056411	6381
02912065	6382
05710573	6383
01987545	6384
05509889	6385
06291318	6386
07497473	6387
09622049	6388
01152396	6389
00734587	6390
05147381	6391
02146790	6392
13486671	6393
02703539	6394
00943363	6395
00213186	6396
03163798	6397
05285623	6398
00550771	6399
05837957	6400
05501711	6401
07330828	6402
00361192	6403
05827253	6404
00894221	6405
13732078	6406
01580467	6407
00910203	6408
01107932	6409
03541091	6410
01901289	6411
02340543	6412
06691083	6413
02789271	6414
00147454	6415
09805475	6416
02945820	6417
02410393	6418
10381214	6419
07226545	6420
05200169	6421
08111157	6422
04837232	6423
04835724	6424
06149484	6425
07128692	6426
00240754	6427
09801864	6428
04806804	6429
05838765	6430
01801600	6431
05731779	6432
06404582	6433
08620061	6434
05072663	6435
00907657	6436
01488245	6437
02653706	6438
07180183	6439
00159620	6440
01239494	6441
06115476	6442
14525548	6443
14525365	6444
00038750	6445
05503705	6446
13939892	6447
01061481	6448
02514187	6449
01967792	6450
05160796	6451
10756433	6452
04679738	6453
02761834	6454
01998793	6455
03778600	6456
00147187	6457
00815379	6458
00066216	6459
06539178	6460
00926702	6461
13366693	6462
03562126	6463
05555473	6464
02677097	6465
00604811	6466
04152593	6467
10511425	6468
14048134	6469
13954818	6470
00194969	6471
05473928	6472
00581891	6473
07409121	6474
01875295	6475
02559199	6476
00300537	6477
01374582	6478
05564323	6479
05712076	6480
13135832	6481
03177349	6482
01899891	6483
01156112	6484
07320302	6485
01046480	6486
09615211	6487
08630039	6488
13367593	6489
08166187	6490
01802494	6491
00995119	6492
08166318	6493
01484982	6494
09349648	6495
04904996	6496
05064037	6497
02531199	6498
05758059	6499
02110220	6500
02765464	6501
01752495	6502
10191613	6503
00476389	6504
05782140	6505
02668523	6506
07231294	6507
00471711	6508
00446329	6509
00251064	6510
05385534	6511
05993844	6512
03405725	6513
13576982	6514
05849040	6515
04618070	6516
00277659	6517
02850732	6518
09913329	6519
02242464	6520
05495172	6521
01103180	6522
07550369	6523
03265874	6524
00694990	6525
02528380	6526
00611143	6527
02227741	6528
07160116	6529
01240308	6530
07120364	6531
01486312	6532
00553823	6533
03574555	6534
00929362	6535
15268239	6536
01395617	6537
02629256	6538
01020356	6539
05339357	6540
00274941	6541
05661996	6542
03084204	6543
01567133	6544
07970406	6545
01032368	6546
01279305	6547
05145891	6548
08009834	6549
06397903	6550
09624980	6551
05623818	6552
13299651	6553
08123167	6554
05596004	6555
02996904	6556
06743506	6557
00039021	6558
01016832	6559
07160296	6560
01019524	6561
02418872	6562
01844048	6563
07560652	6564
05386845	6565
02451575	6566
00207418	6567
05202284	6568
03526198	6569
02008066	6570
03841143	6571
02942769	6572
01176219	6573
00107943	6574
03501614	6575
09942431	6576
01189001	6577
10631941	6578
04668819	6579
02533313	6580
10173895	6581
07307754	6582
00763901	6583
04871720	6584
07207273	6585
05797177	6586
02290998	6587
05705355	6588
02722782	6589
00471437	6590
04447028	6591
02881193	6592
06711159	6593
00557813	6594
13999663	6595
00414179	6596
04152387	6597
00931453	6598
13956488	6599
00825648	6600
05773923	6601
10532576	6602
13809920	6603
02255462	6604
00804695	6605
03691128	6606
02928413	6607
00036178	6608
03671473	6609
05510173	6610
05804274	6611
03320046	6612
05818741	6613
10517826	6614
01432353	6615
00363788	6616
02215355	6617
03017070	6618
02291548	6619
01538310	6620
06709998	6621
01062583	6622
03182232	6623
14333433	6624
05828263	6625
06714288	6626
09889691	6627
00993892	6628
02713594	6629
07334876	6630
01778212	6631
03045074	6632
02123903	6633
05397178	6634
00990655	6635
09622745	6636
04076533	6637
00646542	6638
00673766	6639
01027508	6640
14051917	6641
02371718	6642
02687385	6643
06516595	6644
08163273	6645
07566340	6646
10779775	6647
01552219	6648
15257553	6649
10034614	6650
06536389	6651
02747667	6652
00787218	6653
00672017	6654
03222959	6655
05383467	6656
01019129	6657
10619492	6658
01861403	6659
07242912	6660
00270005	6661
04689660	6662
02320374	6663
04780605	6664
10339504	6665
06392935	6666
06313457	6667
05563034	6668
05803379	6669
07253637	6670
10671042	6671
14285276	6672
13858604	6673
00886281	6674
04161358	6675
02465414	6676
02514825	6677
04635104	6678
05271814	6679
05796423	6680
00924612	6681
07519253	6682
01619725	6683
02469914	6684
00900070	6685
05933246	6686
07092158	6687
00658627	6688
00657604	6689
06373991	6690
00719494	6691
05305136	6692
05217859	6693
01629276	6694
07012534	6695
10599354	6696
05806855	6697
06338908	6698
04285146	6699
10448983	6700
05254795	6701
02773037	6702
00228655	6703
00884946	6704
04761815	6705
02468617	6706
07332691	6707
02061846	6708
06428646	6709
00190999	6710
02131072	6711
15003969	6712
01190948	6713
00364064	6714
02384275	6715
07567390	6716
02151700	6717
01384439	6718
00327683	6719
06885083	6720
01214786	6721
09354511	6722
14940386	6723
00699626	6724
13408980	6725
00923444	6726
02749247	6727
15258694	6728
04170037	6729
13289467	6730
05893653	6731
02412175	6732
10518194	6733
02685365	6734
05485314	6735
04897762	6736
05604950	6737
02676789	6738
05581514	6739
01376082	6740
05261404	6741
02518161	6742
05733583	6743
05582305	6744
10029269	6745
02209499	6746
01588589	6747
02715513	6748
14450691	6749
00003356	6750
05585205	6751
00043609	6752
00794981	6753
01095218	6754
09974054	6755
00377686	6756
01930512	6757
00755500	6758
02296726	6759
04999741	6760
13484303	6761
13757249	6762
06400271	6763
02466111	6764
01807770	6765
00924431	6766
10611613	6767
00230033	6768
00046639	6769
00313245	6770
02529772	6771
01780202	6772
02658283	6773
15291498	6774
05229622	6775
04125853	6776
07298154	6777
02422026	6778
15258281	6779
13308864	6780
07649463	6781
05556325	6782
02702674	6783
00430370	6784
04526241	6785
09792237	6786
05371663	6787
05389762	6788
01469263	6789
04847991	6790
00974444	6791
13935227	6792
02314658	6793
04524313	6794
00595630	6795
01987727	6796
02703952	6797
01029406	6798
00144850	6799
06208021	6800
00154778	6801
02584643	6802
08679369	6803
00588998	6804
13947415	6805
13945919	6806
00539110	6807
01232412	6808
07162545	6809
06681177	6810
02419073	6811
01572510	6812
01635056	6813
00819024	6814
05367735	6815
02148369	6816
00590518	6817
05588551	6818
03588414	6819
04910973	6820
13860548	6821
05370918	6822
01862386	6823
07522128	6824
09773962	6825
02138659	6826
09816771	6827
04384593	6828
05580416	6829
05543177	6830
04936846	6831
00062133	6832
04877421	6833
08208560	6834
00257269	6835
14853947	6836
01771390	6837
00351485	6838
07013736	6839
01342529	6840
04633197	6841
00435853	6842
03686658	6843
05240850	6844
00611055	6845
05434557	6846
05517578	6847
05280831	6848
00943563	6849
02040049	6850
10728624	6851
05324553	6852
01177505	6853
13480848	6854
06504462	6855
10247044	6856
05293773	6857
02225510	6858
13941125	6859
02671062	6860
11499817	6861
09283623	6862
08122141	6863
08119821	6864
05638987	6865
07500741	6866
00618451	6867
03412220	6868
09882007	6869
00876442	6870
15143477	6871
08377806	6872
10732314	6873
10086074	6874
05275466	6875
00276620	6876
09880741	6877
05651068	6878
04154152	6879
00198793	6880
03789946	6881
14379501	6882
10169937	6883
01277784	6884
03297735	6885
10290422	6886
02725714	6887
06793231	6888
13459088	6889
01496978	6890
01979462	6891
01032040	6892
01410905	6893
02115778	6894
05352291	6895
05493303	6896
05279953	6897
14938907	6898
01534609	6899
05344514	6900
07510495	6901
06731378	6902
02084104	6903
01996585	6904
10583250	6905
02469835	6906
02690941	6907
07985223	6908
01022064	6909
04826999	6910
08000304	6911
03010473	6912
01588858	6913
10404672	6914
13470491	6915
07410207	6916
00502415	6917
00547802	6918
06078327	6919
01600191	6920
11450869	6921
04530566	6922
03424862	6923
03282060	6924
00011757	6925
04184095	6926
00249313	6927
05133287	6928
04188368	6929
02386388	6930
15236475	6931
02043501	6932
05593476	6933
03109693	6934
10648237	6935
04716864	6936
00959376	6937
15253139	6938
02424652	6939
04019101	6940
04412901	6941
14405774	6942
02045043	6943
15254028	6944
10308275	6945
01225783	6946
04422875	6947
07513508	6948
14514039	6949
13937554	6950
02627934	6951
00099721	6952
10024362	6953
