01489161	0
13326198	1
00657016	2
09307300	3
03058603	4
03309808	5
08184600	6
08182379	7
02254258	8
00228535	9
09952163	10
00482473	11
00510189	12
02491383	13
07556637	14
01167188	15
02653996	16
04411264	17
00302394	18
01451842	19
09763784	20
13931145	21
00431893	22
02418686	23
13359941	24
13359690	25
13982357	26
13980845	27
07313241	28
07313004	29
02047650	30
13878112	31
07710616	32
07566863	33
00609506	34
05611302	35
01370590	36
00957176	37
05614657	38
00589309	39
02523275	40
02058794	41
04278605	42
02046755	43
07238102	44
07234230	45
04018399	46
02796995	47
02627221	48
14633206	49
00467717	50
13373214	51
00120010	52
00119568	53
09892693	54
00589769	55
10271677	56
10285135	57
02196690	58
14607521	59
09334396	60
02022486	61
08675967	62
08615374	63
08278324	64
08278169	65
01227137	66
02588099	67
02269894	68
01143838	69
14780040	70
00238867	71
00297906	72
15129927	73
01838651	74
01904293	75
10221312	76
09930876	77
01859325	78
01858441	79
02048891	80
00342755	81
13858045	82
00869596	83
08873622	84
08691669	85
10478960	86
10676877	87
15160579	88
00619183	89
09811852	90
01134522	91
01364184	92
01679433	93
00039488	94
05259240	95
00891936	96
10149527	97
02828648	98
03519981	99
03224893	100
03679384	101
02958017	102
08860123	103
00812526	104
01216522	105
13279262	106
02291708	107
07738353	108
01262936	109
03841666	110
03953020	111
04612722	112
13877918	113
00362128	114
02527651	115
00076072	116
07573696	117
07580053	118
01186208	119
07578093	120
03684823	121
03380461	122
07678193	123
07677593	124
00320681	125
00321148	126
02395115	127
02368787	128
13875571	129
01673472	130
13867276	131
01223182	132
00365188	133
14428160	134
14429985	135
03216828	136
03638321	137
00914215	138
07123288	139
00416399	140
00416135	141
02337667	142
05716577	143
01828736	144
05813229	145
01874568	146
02945161	147
01547001	148
01985029	149
01944692	150
09861946	151
01418037	152
07847198	153
00284798	154
01882170	155
00458471	156
00458754	157
01880531	158
02035337	159
00075618	160
05816790	161
00922867	162
02194286	163
05715283	164
05256862	165
15137676	166
15118453	167
10140783	168
00657728	169
01257612	170
02531422	171
08276720	172
08287586	173
00856860	174
04629194	175
06950209	176
06947032	177
00369628	178
10280130	179
00595146	180
02566015	181
04645599	182
04827652	183
02037272	184
01857171	185
01857325	186
08871007	187
08878016	188
00749574	189
00732746	190
09359803	191
09361517	192
03420559	193
01089137	194
05959954	195
03057075	196
00605310	197
07424109	198
05243704	199
08657249	200
00076393	201
02174115	202
01179865	203
10042300	204
05243879	205
02542280	206
04641153	207
00910135	208
10018021	209
02671880	210
02080577	211
15234764	212
15154774	213
00014742	214
00014405	215
00963283	216
05960464	217
13319726	218
13319032	219
04426618	220
04096066	221
13403331	222
02896789	223
13559409	224
00028565	225
05601357	226
07440979	227
02939919	228
03195485	229
00702226	230
04438304	231
00208797	232
02401809	233
00239614	234
14889479	235
15119536	236
01731351	237
09759069	238
08280124	239
15170504	240
15163797	241
02636921	242
00930368	243
00274283	244
02405252	245
00208943	246
05046471	247
00341917	248
00884466	249
00889472	250
09934921	251
13384877	252
02124748	253
04980008	254
02686568	255
02932019	256
05524243	257
05246796	258
01966861	259
00616498	260
07181935	261
07180787	262
04894037	263
01899360	264
01155421	265
03386011	266
05043973	267
05042871	268
02551602	269
11083656	270
06960566	271
06960298	272
00330144	273
00388210	274
00366275	275
00357680	276
01684337	277
04157320	278
00853633	279
00431005	280
02653159	281
02651424	282
07260623	283
13577171	284
05734381	285
00851933	286
10227266	287
02100709	288
00696852	289
00891850	290
01849221	291
00280853	292
03873064	293
01576917	294
13575433	295
00815801	296
01941093	297
01222884	298
04873550	299
15155220	300
15165490	301
01637633	302
05769471	303
02352019	304
01886407	305
00231567	306
02644622	307
01168961	308
02592397	309
01194418	310
03470387	311
04216963	312
07678729	313
13933841	314
02028722	315
05238282	316
05245626	317
13282550	318
13282007	319
00492410	320
02547225	321
03691459	322
03274561	323
10618848	324
08366202	325
15146545	326
00704305	327
06277280	328
06277803	329
03287733	330
03431745	331
01675190	332
04796490	333
02519991	334
02672540	335
00854000	336
01425511	337
01223616	338
05257737	339
00869931	340
06508816	341
13875970	342
02687251	343
01387786	344
01149911	345
11450566	346
00506040	347
05706629	348
05706228	349
01475831	350
01483324	351
00369399	352
00369802	353
01800422	354
06716796	355
04902925	356
00683185	357
00015303	358
00015498	359
10334567	360
07891726	361
00459114	362
06946497	363
02958126	364
00749767	365
02537407	366
08875547	367
08540532	368
02045790	369
00342028	370
01134699	371
01305361	372
02085742	373
00869126	374
02329292	375
05246511	376
01740892	377
02512922	378
01522052	379
10781984	380
10548227	381
01177033	382
00807461	383
01140794	384
02512053	385
01115411	386
00044673	387
00855295	388
06777794	389
13758745	390
05635188	391
01097031	392
05640184	393
07450343	394
02599939	395
08274923	396
01111816	397
00133417	398
01716227	399
01549291	400
02513740	401
00052146	402
05945508	403
10515194	404
09759501	405
01424456	406
06201136	407
10059582	408
02271137	409
10216106	410
01647867	411
06773976	412
13459322	413
06055946	414
08877807	415
08524735	416
13560417	417
00210259	418
01924505	419
10293332	420
00074790	421
00013172	422
08544813	423
08548733	424
02237631	425
02236124	426
01106272	427
01951276	428
00384620	429
02446651	430
00828779	431
00095329	432
00095121	433
02738701	434
02829696	435
01073241	436
00859604	437
07351909	438
01349493	439
02876088	440
01895630	441
01489722	442
01646941	443
02529284	444
04665813	445
00298041	446
06220616	447
09430771	448
09411430	449
01853072	450
01507175	451
00123430	452
00123234	453
08183398	454
00896688	455
00896348	456
07618871	457
07612632	458
02792552	459
01950502	460
00616153	461
10351625	462
02334867	463
02738031	464
00215838	465
02402409	466
13333237	467
00842989	468
00264875	469
14599641	470
05240211	471
10612931	472
02417504	473
00429440	474
10062996	475
00653620	476
09626238	477
02461314	478
02473688	479
01406684	480
13793776	481
00890590	482
00890100	483
13969243	484
02738544	485
00885925	486
01210816	487
00810557	488
00204199	489
03057021	490
00051511	491
01489989	492
00713952	493
10209731	494
09777012	495
01981436	496
09433442	497
03916031	498
02126382	499
01952750	500
05514905	501
05526384	502
02583780	503
02583139	504
01181295	505
10763383	506
00882702	507
02191546	508
03469493	509
02677718	510
00800421	511
10084635	512
08556491	513
00897811	514
00928015	515
01845627	516
01850676	517
00537682	518
00532110	519
15010703	520
01073822	521
07246742	522
02746365	523
01136614	524
03199647	525
04081281	526
13382766	527
13381734	528
01223833	529
04073669	530
02252931	531
08518505	532
08647945	533
09360122	534
08617963	535
01981279	536
08894456	537
09747329	538
03065424	539
02049190	540
07441619	541
01612084	542
02964389	543
03125870	544
15228378	545
02743112	546
01099436	547
10388440	548
05198036	549
13291189	550
07458453	551
07456188	552
01866192	553
04101701	554
00858377	555
00199912	556
15282696	557
02055649	558
07886849	559
07886572	560
07800091	561
01180206	562
00113113	563
01390616	564
08254055	565
08253640	566
09274500	567
02253456	568
03872495	569
08612340	570
08616311	571
08253815	572
08875369	573
08537837	574
07236077	575
00999245	576
00295697	577
07866151	578
07557434	579
00203649	580
00800930	581
02447001	582
09892831	583
01093172	584
10768585	585
08250635	586
08188235	587
00417397	588
07491981	589
07555014	590
01153947	591
02344243	592
06510977	593
09424489	594
08518171	595
01983797	596
02098458	597
00700652	598
00661091	599
00085219	600
02273293	601
01322221	602
14427239	603
09879744	604
08877382	605
03130073	606
13446197	607
02673134	608
02190166	609
01940403	610
04626280	611
00853776	612
10039391	613
02566227	614
00744616	615
07711471	616
02250625	617
01524298	618
13774404	619
00017282	620
05737153	621
09622302	622
01775164	623
00766234	624
00804802	625
07181546	626
00657550	627
01003729	628
09884391	629
01322854	630
02944826	631
01055165	632
00666058	633
01535709	634
02124106	635
02124332	636
03891051	637
03589791	638
05755486	639
00482893	640
08873269	641
01551871	642
00259643	643
08890097	644
08881674	645
03497657	646
03138534	647
15122231	648
09217230	649
09287968	650
08069878	651
08419984	652
01424948	653
01609953	654
00417001	655
02672187	656
01912893	657
05003090	658
14024882	659
14034177	660
00618057	661
08891889	662
10275249	663
14971519	664
00328128	665
03612814	666
01265740	667
07622261	668
00417643	669
01547390	670
01064148	671
08892766	672
01239868	673
01765392	674
13971561	675
10435988	676
10560352	677
01111028	678
10117511	679
00764902	680
00759551	681
02274482	682
01145015	683
02579447	684
00511212	685
00768778	686
10775379	687
00745637	688
00185104	689
02834778	690
03796605	691
01840238	692
00300441	693
13650045	694
13649791	695
09886010	696
10320863	697
00247792	698
00324231	699
01950798	700
01955127	701
02478059	702
10214390	703
01853498	704
01852861	705
00215683	706
02950256	707
00492677	708
01158596	709
14708720	710
01949007	711
02930766	712
13650921	713
13650447	714
08428019	715
01919391	716
10709529	717
00614999	718
01954852	719
02194495	720
05715864	721
02001858	722
10720097	723
03451473	724
05187446	725
05177285	726
02418205	727
00782072	728
10722965	729
10095869	730
10099375	731
04995531	732
04995211	733
00597629	734
10474645	735
02217266	736
01098698	737
02174461	738
07380144	739
01785748	740
07537259	741
02463704	742
00741478	743
02064131	744
02105990	745
07512465	746
11527967	747
00271263	748
10186774	749
09701148	750
09700964	751
06767693	752
05967097	753
07153727	754
00853958	755
03581125	756
03605722	757
09367991	758
02632567	759
10643837	760
10245639	761
01010334	762
00658052	763
02043982	764
02044278	765
00026192	766
01169067	767
10132988	768
04335435	769
01945183	770
02249741	771
00880227	772
06695862	773
01088381	774
01098869	775
00258854	776
09351547	777
09397391	778
08013453	779
08392137	780
01167981	781
01166351	782
10655169	783
03719053	784
03718581	785
01025913	786
04660261	787
08874273	788
02521410	789
10002760	790
04347519	791
03701391	792
10702781	793
00759694	794
05517406	795
05516848	796
00016380	797
00858849	798
00999787	799
08279298	800
02858304	801
01072780	802
01072565	803
13594585	804
09916209	805
09893015	806
02033137	807
00953923	808
06767777	809
00490968	810
01266895	811
10118587	812
01058880	813
03109399	814
00094001	815
05245192	816
05244934	817
01741562	818
01726692	819
00259894	820
01602318	821
02152212	822
00499642	823
02725067	824
14013005	825
04850996	826
10248876	827
00031820	828
05524615	829
05526175	830
14493716	831
02317970	832
05008227	833
00276813	834
01537409	835
04594489	836
02354536	837
10298647	838
02708707	839
10744164	840
03471779	841
00259177	842
10766025	843
01523986	844
07961016	845
05658226	846
00207728	847
01780941	848
01222666	849
01738347	850
01020117	851
05219724	852
05513807	853
03763403	854
06513366	855
00753428	856
10607706	857
00682436	858
01158690	859
01035199	860
09879297	861
04629604	862
04993413	863
14589223	864
02950826	865
02957823	866
09688008	867
04005630	868
02992032	869
08879388	870
08633957	871
01724185	872
00550016	873
04031884	874
10412055	875
05717342	876
09437454	877
01235137	878
01234729	879
07520612	880
02506361	881
00514658	882
00514128	883
11449907	884
02644234	885
13580723	886
01183573	887
01017738	888
01639105	889
06878071	890
01067512	891
01856626	892
01318478	893
00051045	894
06624161	895
06764623	896
00159899	897
02677332	898
09435965	899
14299070	900
00071803	901
07596684	902
07557165	903
15159819	904
00734927	905
03540267	906
03381126	907
01224744	908
00830448	909
03679986	910
04571088	911
01469770	912
07186148	913
02880940	914
03206908	915
07883860	916
09790278	917
00643197	918
13934900	919
01589497	920
00695523	921
04907991	922
10454972	923
10071332	924
02053941	925
02911158	926
02639606	927
02079525	928
04493505	929
00874977	930
01153762	931
01153486	932
00311663	933
00754873	934
00358089	935
00356790	936
15147850	937
00252710	938
07621776	939
07621618	940
02666943	941
13363970	942
00616857	943
13112664	944
13118569	945
04441528	946
06941644	947
00417859	948
13246662	949
13246475	950
06276697	951
06271778	952
00542809	953
00438178	954
14599168	955
14739360	956
02669885	957
09759311	958
04137444	959
04257790	960
04576211	961
00272448	962
07248653	963
02302817	964
04592741	965
02688443	966
07609840	967
15159583	968
10112591	969
01074650	970
10702615	971
02667900	972
02700104	973
02657219	974
14012667	975
07874780	976
01945381	977
07556970	978
00622584	979
01144657	980
01851375	981
01150467	982
01922763	983
07515560	984
01182293	985
01156899	986
01156438	987
01933305	988
10433452	989
00240571	990
00490722	991
02192992	992
00509846	993
02493260	994
01030022	995
05074374	996
03814112	997
03068181	998
14563564	999
13766896	1000
13756125	1001
08892971	1002
03024746	1003
00300317	1004
03003344	1005
01475282	1006
02270404	1007
10197967	1008
00854150	1009
09940146	1010
01614079	1011
05714466	1012
10196965	1013
05152696	1014
10058411	1015
09366317	1016
01185981	1017
06513764	1018
02398854	1019
07295955	1020
00229630	1021
06509210	1022
00183505	1023
02462580	1024
01093587	1025
00505802	1026
04854389	1027
01696135	1028
04683136	1029
14989820	1030
00287258	1031
00450335	1032
01958615	1033
06698252	1034
06697331	1035
10712573	1036
02202133	1037
10561613	1038
01193099	1039
02950482	1040
01273263	1041
13573666	1042
04574999	1043
01887020	1044
01859496	1045
03111690	1046
02363128	1047
02466496	1048
01125693	1049
00897026	1050
06892775	1051
08168117	1052
08167365	1053
15184170	1054
15183802	1055
00793580	1056
00343249	1057
05241072	1058
10402086	1059
00889555	1060
06686174	1061
10224098	1062
09826204	1063
01425709	1064
00138599	1065
08654360	1066
01180351	1067
01226600	1068
13344664	1069
00891216	1070
05769726	1071
00319939	1072
02000868	1073
07622061	1074
01847565	1075
00034288	1076
08893223	1077
09203827	1078
06778102	1079
10021892	1080
02893338	1081
00598056	1082
10480730	1083
06700030	1084
14361182	1085
14360459	1086
04484160	1087
00136800	1088
04242704	1089
02021376	1090
10057714	1091
03082807	1092
15235126	1093
01532329	1094
04694809	1095
02868916	1096
03337140	1097
01001857	1098
10562749	1099
02167571	1100
03467984	1101
03916470	1102
00043480	1103
05713737	1104
08887841	1105
03498316	1106
02784732	1107
01121855	1108
00838367	1109
08818835	1110
02999410	1111
07858595	1112
07809368	1113
01065441	1114
07642182	1115
07628870	1116
01053144	1117
05714894	1118
04906273	1119
02542795	1120
00285557	1121
01849746	1122
00315390	1123
00969506	1124
01391280	1125
00463778	1126
10237196	1127
01431230	1128
00793037	1129
09961739	1130
00599835	1131
00076563	1132
00270215	1133
01661818	1134
10760763	1135
01526956	1136
06669384	1137
06667317	1138
07710007	1139
07707451	1140
00811171	1141
08041840	1142
08638260	1143
00321486	1144
04370048	1145
03815278	1146
02520509	1147
02940509	1148
00172732	1149
01858989	1150
03343853	1151
08894319	1152
07676425	1153
07675627	1154
14705718	1155
01269008	1156
01125429	1157
01131043	1158
06702458	1159
01818972	1160
10118382	1161
00487653	1162
02331919	1163
04048568	1164
01547641	1165
05174653	1166
04565375	1167
01273016	1168
06855207	1169
07544647	1170
02530861	1171
00105554	1172
02094755	1173
02191766	1174
01064999	1175
04447443	1176
02919100	1177
00962129	1178
00341548	1179
06904171	1180
07800487	1181
13344804	1182
03542333	1183
03542860	1184
02087551	1185
02087122	1186
05050379	1187
09826074	1188
13278375	1189
01055073	1190
14429608	1191
04146050	1192
02387910	1193
00261405	1194
00167934	1195
15137890	1196
08895928	1197
09316454	1198
01133825	1199
02326695	1200
01613463	1201
02368336	1202
08571139	1203
13969700	1204
07383823	1205
01928838	1206
01589217	1207
08558488	1208
04577293	1209
00442115	1210
07832902	1211
14449405	1212
02632353	1213
09702134	1214
13897996	1215
02935658	1216
13970764	1217
01215694	1218
00745499	1219
01009871	1220
01640850	1221
09730533	1222
00374668	1223
05014099	1224
02281485	1225
00015806	1226
03763727	1227
05525252	1228
05513302	1229
02864593	1230
03988170	1231
03200357	1232
01167780	1233
13874073	1234
13873502	1235
03340723	1236
03851341	1237
00320284	1238
15138401	1239
00651954	1240
00660102	1241
10506915	1242
05525807	1243
05236322	1244
00082870	1245
02384686	1246
07127006	1247
09889941	1248
00969137	1249
10409634	1250
02593354	1251
10217436	1252
09907196	1253
10164747	1254
02389220	1255
08683548	1256
01406512	1257
01406356	1258
04341133	1259
04329477	1260
10142747	1261
10143172	1262
00273319	1263
02346724	1264
00084371	1265
08876773	1266
08554440	1267
02196948	1268
00514871	1269
15068436	1270
08346655	1271
08342039	1272
05382729	1273
15167027	1274
13259917	1275
13254985	1276
00773285	1277
00072261	1278
08504594	1279
01167146	1280
10566072	1281
01256157	1282
04191595	1283
02991463	1284
08337324	1285
01305731	1286
01395049	1287
03959936	1288
00840630	1289
08493064	1290
02812482	1291
00186740	1292
14798450	1293
00366547	1294
04659090	1295
01027263	1296
04578708	1297
15160866	1298
07695965	1299
07712382	1300
09701603	1301
02672371	1302
09827683	1303
15145586	1304
00209546	1305
02473431	1306
05186306	1307
10672662	1308
10452752	1309
10287213	1310
06561942	1311
01936537	1312
04463679	1313
14498404	1314
13869327	1315
13867641	1316
00273963	1317
13552270	1318
01906823	1319
15146004	1320
09810364	1321
02275365	1322
07884567	1323
06790042	1324
06789411	1325
15170786	1326
15169873	1327
07896994	1328
04713332	1329
04712735	1330
01606205	1331
04236001	1332
02701445	1333
01509079	1334
00106272	1335
07433145	1336
01112364	1337
00148057	1338
00420132	1339
01957529	1340
00299217	1341
03096960	1342
10013242	1343
00737536	1344
03352961	1345
04500060	1346
00992331	1347
01856225	1348
10160412	1349
02886599	1350
04336034	1351
00962722	1352
04879658	1353
14425974	1354
01321854	1355
01321579	1356
13345286	1357
04404412	1358
10242791	1359
10083823	1360
02933304	1361
00812274	1362
13456715	1363
08547300	1364
02311260	1365
10298912	1366
01389329	1367
08286163	1368
08282696	1369
00265386	1370
13298935	1371
13298701	1372
01856553	1373
01855672	1374
03315805	1375
13391452	1376
13388245	1377
07859583	1378
04666837	1379
04666615	1380
05731568	1381
02195470	1382
07869937	1383
08891595	1384
01216004	1385
01914947	1386
00293916	1387
04870643	1388
00894552	1389
01190494	1390
05716744	1391
02123672	1392
05658603	1393
00481739	1394
15227846	1395
06185748	1396
00083975	1397
10527334	1398
00435688	1399
00125078	1400
06483454	1401
01498498	1402
08523483	1403
04466386	1404
10409011	1405
10614363	1406
07851054	1407
10632576	1408
05705184	1409
01850035	1410
04305323	1411
02091885	1412
07556872	1413
00501479	1414
00499066	1415
01858910	1416
03032811	1417
02257141	1418
07642471	1419
07597145	1420
00646833	1421
09918554	1422
14427065	1423
02544191	1424
02543874	1425
08182716	1426
00453935	1427
09612131	1428
10782940	1429
07703889	1430
10102369	1431
00843468	1432
02693168	1433
07460104	1434
07442068	1435
01679806	1436
13421832	1437
13358549	1438
04096733	1439
02819697	1440
09272085	1441
09386422	1442
07543288	1443
01775535	1444
07722217	1445
02543181	1446
00942234	1447
07177437	1448
08954057	1449
10564800	1450
02463990	1451
02672859	1452
13450636	1453
13946760	1454
10495555	1455
02245555	1456
01196802	1457
01949110	1458
02924116	1459
01151097	1460
01848648	1461
02102398	1462
03525454	1463
03525827	1464
05331404	1465
01166926	1466
01922895	1467
00278810	1468
02836035	1469
00189565	1470
00186634	1471
10494935	1472
00443231	1473
08879680	1474
03814906	1475
03908831	1476
13453428	1477
05769833	1478
08246613	1479
01955984	1480
13138658	1481
13138308	1482
10590339	1483
15164957	1484
10365984	1485
00140393	1486
01510827	1487
05245775	1488
08033194	1489
02451951	1490
10150940	1491
07711080	1492
00085432	1493
00088481	1494
03933529	1495
01305241	1496
04046810	1497
00765193	1498
14455700	1499
00510723	1500
15228162	1501
07288639	1502
02021149	1503
03098140	1504
06874688	1505
10785869	1506
02706816	1507
03191776	1508
02770830	1509
10489944	1510
00139908	1511
00882961	1512
00182213	1513
02384940	1514
03904183	1515
02664769	1516
05638778	1517
09841188	1518
05050115	1519
05046009	1520
10077593	1521
02331175	1522
15273626	1523
00271520	1524
00433661	1525
02188699	1526
02159955	1527
01337653	1528
07679356	1529
00735389	1530
10017422	1531
00596692	1532
09906986	1533
04664964	1534
10096217	1535
13292787	1536
14622893	1537
04460947	1538
01242716	1539
09762385	1540
10437852	1541
00844298	1542
01723224	1543
00418615	1544
10783734	1545
05513020	1546
05512670	1547
01672607	1548
04794751	1549
03697109	1550
00365471	1551
05636402	1552
10693459	1553
00452293	1554
00685683	1555
00076341	1556
14431169	1557
03881534	1558
03141065	1559
07390945	1560
13986679	1561
01816431	1562
04544979	1563
00510922	1564
01848976	1565
01846331	1566
00425905	1567
07573241	1568
07573103	1569
02125641	1570
00073828	1571
13418047	1572
13417410	1573
01850373	1574
10536897	1575
10526096	1576
10183757	1577
02546075	1578
02909006	1579
00314469	1580
01473806	1581
07532112	1582
07531255	1583
03150232	1584
01476685	1585
00373520	1586
00483181	1587
06715786	1588
01364357	1589
07829412	1590
03852280	1591
01950657	1592
00608978	1593
15246853	1594
02463141	1595
02346895	1596
08223263	1597
01522276	1598
02092309	1599
04159354	1600
01354006	1601
13377268	1602
00597385	1603
10117017	1604
10760340	1605
02400760	1606
01224517	1607
00852922	1608
05050668	1609
01418179	1610
07449862	1611
07447641	1612
04862592	1613
00593219	1614
00985106	1615
00984609	1616
05696020	1617
05695806	1618
10162354	1619
00129089	1620
07491708	1621
02717831	1622
02641378	1623
01821634	1624
01180975	1625
10433737	1626
00233386	1627
00456740	1628
01847845	1629
02111684	1630
02112891	1631
02360448	1632
04850589	1633
13384557	1634
13372961	1635
08874469	1636
08546183	1637
08398036	1638
00973077	1639
00964343	1640
02464342	1641
08552138	1642
02512150	1643
00555648	1644
04322026	1645
13298011	1646
13296899	1647
01219706	1648
14440623	1649
10299250	1650
10464542	1651
00596393	1652
05527848	1653
05264756	1654
02477334	1655
00945916	1656
09833441	1657
09917593	1658
13622209	1659
13622035	1660
01151407	1661
01852544	1662
13428159	1663
00358931	1664
00560893	1665
01954559	1666
01220303	1667
14008806	1668
14436875	1669
03061505	1670
13385913	1671
03462747	1672
04792357	1673
01866610	1674
01197338	1675
01182024	1676
10769321	1677
00323856	1678
00322847	1679
01955508	1680
06946823	1681
13530408	1682
00239321	1683
08895497	1684
05615147	1685
00754731	1686
10252674	1687
02718015	1688
14738752	1689
04545471	1690
08618379	1691
08520401	1692
10753182	1693
13603305	1694
01353405	1695
03024882	1696
09704630	1697
05645199	1698
05644922	1699
00441824	1700
02466132	1701
01961691	1702
01777210	1703
15056541	1704
01372682	1705
03461385	1706
02326198	1707
06685456	1708
02792903	1709
13416345	1710
09986189	1711
05006898	1712
00651630	1713
01966706	1714
02317661	1715
03541696	1716
02652494	1717
01926311	1718
13617952	1719
03309465	1720
03656484	1721
05527216	1722
10064229	1723
15259284	1724
01082153	1725
01173826	1726
04792127	1727
15183428	1728
01072072	1729
08491826	1730
04468005	1731
01852701	1732
02676496	1733
01256332	1734
01725712	1735
02743020	1736
08543496	1737
03905730	1738
05659621	1739
05654052	1740
02084071	1741
07237758	1742
00727991	1743
04087126	1744
05748786	1745
00730499	1746
03479397	1747
06645039	1748
02091410	1749
01063695	1750
02087156	1751
01574292	1752
08677801	1753
08569165	1754
13970236	1755
10403876	1756
02973017	1757
04470953	1758
01848123	1759
05967773	1760
03757723	1761
04334599	1762
10100124	1763
04405907	1764
03617594	1765
10193026	1766
01398941	1767
01398212	1768
07673397	1769
07672135	1770
02784218	1771
02959942	1772
01926984	1773
00085678	1774
13290676	1775
02112029	1776
01052248	1777
04980463	1778
01844859	1779
00713250	1780
01489332	1781
01542252	1782
14585519	1783
10512982	1784
04852088	1785
02099829	1786
02421921	1787
04437953	1788
04436675	1789
06696483	1790
02729965	1791
15165289	1792
13409647	1793
13409160	1794
08339454	1795
08077292	1796
01820302	1797
09847010	1798
00450866	1799
13719410	1800
13608788	1801
03823540	1802
01088749	1803
08439955	1804
14796969	1805
10093658	1806
03640660	1807
01219993	1808
02887209	1809
10562391	1810
15237567	1811
02344060	1812
01845477	1813
01240979	1814
06535222	1815
08453464	1816
10565502	1817
00878052	1818
01001643	1819
00504592	1820
00227507	1821
06056923	1822
00584954	1823
03045337	1824
03863923	1825
05762149	1826
00212049	1827
02017937	1828
01853379	1829
01266945	1830
00716130	1831
10683126	1832
01960911	1833
10336904	1834
10411551	1835
03616428	1836
04100174	1837
00599472	1838
10570019	1839
01570562	1840
15171008	1841
15157225	1842
10453357	1843
01087197	1844
02110927	1845
07705931	1846
04289690	1847
03694761	1848
10184822	1849
07183151	1850
08553535	1851
01135529	1852
02163301	1853
04024862	1854
02801938	1855
01177703	1856
02521816	1857
02438861	1858
01134479	1859
10683349	1860
15169421	1861
01246579	1862
05509146	1863
01480149	1864
01480469	1865
00593108	1866
00143204	1867
06884790	1868
06883073	1869
01524871	1870
02194138	1871
14619225	1872
02196214	1873
00290579	1874
02754103	1875
14485064	1876
01646528	1877
01996735	1878
02804590	1879
09757653	1880
00421535	1881
07569423	1882
07569106	1883
03399047	1884
10113362	1885
02344381	1886
07295629	1887
01373138	1888
04863074	1889
10069645	1890
09262690	1891
09468604	1892
10451858	1893
06682794	1894
01489734	1895
08626283	1896
00222472	1897
01134238	1898
09280380	1899
06481156	1900
06777687	1901
02290196	1902
00330160	1903
02465929	1904
07631212	1905
08167953	1906
09612291	1907
00181781	1908
00588473	1909
10535706	1910
09772029	1911
14409489	1912
14408086	1913
01179707	1914
00606093	1915
01601234	1916
10472799	1917
05681117	1918
14374432	1919
08696931	1920
05525100	1921
02218635	1922
09993901	1923
01851996	1924
09624168	1925
10024119	1926
10582154	1927
09609561	1928
01672014	1929
03624966	1930
00511041	1931
00752493	1932
05058140	1933
04764741	1934
13325010	1935
02270165	1936
02270815	1937
15236338	1938
00485711	1939
10023656	1940
01292727	1941
01292534	1942
10672908	1943
04217546	1944
04201733	1945
02814533	1946
05526957	1947
14002279	1948
03971422	1949
04440749	1950
04713118	1951
10500942	1952
06950528	1953
10506762	1954
10622053	1955
01176567	1956
01176232	1957
15157041	1958
00661213	1959
08877208	1960
01531265	1961
01531742	1962
07751451	1963
06595351	1964
06258228	1965
00447540	1966
07551052	1967
14842992	1968
07795598	1969
07775375	1970
10672192	1971
10208189	1972
10476671	1973
06696025	1974
10020890	1975
08521816	1976
04994413	1977
04992163	1978
00029025	1979
10147262	1980
01850192	1981
15228267	1982
03895866	1983
15273955	1984
07209305	1985
10210137	1986
02515214	1987
04638585	1988
04637923	1989
02345272	1990
04730580	1991
05258299	1992
07186661	1993
10318892	1994
03059366	1995
02934168	1996
07515790	1997
02381726	1998
00980908	1999
01781983	2000
01222328	2001
07310507	2002
08284481	2003
10064046	2004
00889831	2005
08342670	2006
04283378	2007
01230850	2008
02003601	2009
00026385	2010
02088627	2011
10508475	2012
09957156	2013
01503268	2014
00329831	2015
05264247	2016
05264081	2017
09302616	2018
03816849	2019
01263018	2020
04993882	2021
02210119	2022
13981403	2023
04159058	2024
02174311	2025
02301825	2026
05611684	2027
02126022	2028
15137047	2029
00620424	2030
00223854	2031
15166462	2032
05695554	2033
09893191	2034
09943239	2035
02261642	2036
02261464	2037
01385920	2038
04980656	2039
06781383	2040
00105778	2041
07944050	2042
07943480	2043
02570267	2044
08612049	2045
00365647	2046
05635624	2047
02072501	2048
00506952	2049
02313250	2050
03133538	2051
01488956	2052
01580928	2053
02633534	2054
02329883	2055
02332999	2056
01373844	2057
02765190	2058
00842538	2059
05826914	2060
02760429	2061
00351406	2062
00350461	2063
09281777	2064
02662979	2065
04713692	2066
06220819	2067
04795545	2068
02383842	2069
02379528	2070
00937656	2071
08276342	2072
04400289	2073
03078287	2074
09884133	2075
05714161	2076
06268784	2077
02631659	2078
03958097	2079
10395073	2080
10335246	2081
08539717	2082
09686536	2083
10330189	2084
04839676	2085
03781787	2086
09994119	2087
04828255	2088
00981830	2089
06695579	2090
05924920	2091
02263788	2092
04561734	2093
03364340	2094
10561320	2095
00849080	2096
02027612	2097
03040836	2098
00350889	2099
00985921	2100
09626031	2101
00583461	2102
02446164	2103
02863724	2104
09906848	2105
00590148	2106
00080304	2107
07059255	2108
07071942	2109
02235666	2110
00470084	2111
06477209	2112
06471737	2113
00364868	2114
13720600	2115
13720096	2116
10411163	2117
10529965	2118
00345641	2119
01855343	2120
01855476	2121
01150200	2122
01230283	2123
02193974	2124
05768553	2125
04520480	2126
02512808	2127
08431721	2128
04413969	2129
10433164	2130
07577772	2131
00095971	2132
01222645	2133
05768806	2134
08873412	2135
08587828	2136
01004582	2137
10681194	2138
02619924	2139
05701738	2140
10550090	2141
04339291	2142
00601822	2143
02817650	2144
02288295	2145
04066023	2146
04511002	2147
04926427	2148
00125633	2149
10742546	2150
09918248	2151
13855627	2152
02666882	2153
02902079	2154
09807754	2155
00127531	2156
13712428	2157
13712592	2158
00091124	2159
00583246	2160
03046257	2161
00283568	2162
06961399	2163
01849747	2164
04997472	2165
03156405	2166
03003730	2167
02486693	2168
10261388	2169
01054227	2170
08543223	2171
03821660	2172
01487311	2173
07889814	2174
07889510	2175
07294019	2176
07480896	2177
00538876	2178
00199659	2179
03457686	2180
00208210	2181
08591269	2182
10395390	2183
03907654	2184
00597957	2185
05421723	2186
06156968	2187
03663433	2188
13876371	2189
02446819	2190
10211203	2191
07620327	2192
07620485	2193
05456732	2194
01203676	2195
13421462	2196
00724029	2197
00456596	2198
01854047	2199
01235463	2200
00740712	2201
00810729	2202
08543081	2203
00487874	2204
00483935	2205
00513401	2206
02120458	2207
01419473	2208
02994858	2209
09224911	2210
04134339	2211
01572978	2212
04852750	2213
01216670	2214
05715150	2215
00320486	2216
06882561	2217
10707233	2218
10373998	2219
05207130	2220
15158816	2221
13281275	2222
02742232	2223
04753799	2224
04753455	2225
01064758	2226
09849598	2227
01215851	2228
05144079	2229
01854415	2230
02744323	2231
03163222	2232
14405931	2233
03533972	2234
00512843	2235
09221070	2236
04585456	2237
03519578	2238
07813107	2239
03216562	2240
03990474	2241
10637038	2242
01782218	2243
00964105	2244
03171356	2245
00601783	2246
00299580	2247
00046109	2248
13341756	2249
04398497	2250
03420440	2251
00296585	2252
02034671	2253
00213353	2254
01354405	2255
04713428	2256
01100145	2257
00409211	2258
10548537	2259
10548681	2260
04695963	2261
03777126	2262
04314522	2263
03101796	2264
13615557	2265
03075768	2266
08876975	2267
06961557	2268
15203229	2269
02023992	2270
02023341	2271
00958823	2272
01021579	2273
10174695	2274
10300154	2275
05523269	2276
15160418	2277
05815890	2278
10793168	2279
10503452	2280
06263369	2281
10117267	2282
06700325	2283
06700169	2284
10013614	2285
07579076	2286
08277805	2287
02022359	2288
04864515	2289
02005756	2290
10412910	2291
00800940	2292
04020617	2293
09935233	2294
03842156	2295
00812977	2296
02341266	2297
06699225	2298
04842515	2299
04842313	2300
00963241	2301
01502762	2302
14409718	2303
09942871	2304
10026553	2305
00066397	2306
01754105	2307
03999992	2308
04901326	2309
10562968	2310
00261258	2311
03470222	2312
02600255	2313
04879340	2314
13529616	2315
01612295	2316
14426449	2317
00772813	2318
07588947	2319
03863262	2320
03121897	2321
15222686	2322
04499660	2323
07752264	2324
01527271	2325
14814531	2326
14844693	2327
01041762	2328
13757724	2329
04497570	2330
00009978	2331
00468236	2332
02001461	2333
00595935	2334
00802136	2335
06714976	2336
08549733	2337
13985818	2338
07480068	2339
01073655	2340
00375021	2341
01470225	2342
00962634	2343
05040275	2344
06216160	2345
04015204	2346
08161068	2347
08472335	2348
08464601	2349
10569744	2350
04381994	2351
07514968	2352
00087152	2353
08495617	2354
01432601	2355
13939353	2356
00313647	2357
01857632	2358
10257647	2359
00514396	2360
08895771	2361
05091316	2362
13252062	2363
10269458	2364
00107875	2365
15167906	2366
01193721	2367
01117723	2368
00061290	2369
05524430	2370
10181990	2371
13398241	2372
08311687	2373
08310949	2374
01235258	2375
04049405	2376
07338114	2377
03769967	2378
03770085	2379
07677860	2380
04405540	2381
02878222	2382
08549480	2383
08382297	2384
08381820	2385
10378780	2386
02443849	2387
08382056	2388
03101986	2389
14493426	2390
14493145	2391
02298471	2392
06778777	2393
04055030	2394
04907269	2395
06200010	2396
01304121	2397
01277755	2398
00419950	2399
08410688	2400
06518253	2401
06518068	2402
13542947	2403
15299225	2404
02324397	2405
02759963	2406
05706954	2407
07062697	2408
05525628	2409
00761713	2410
01232246	2411
10152083	2412
10162991	2413
00070965	2414
10051975	2415
04135315	2416
06780882	2417
10717921	2418
07847453	2419
08167779	2420
01305542	2421
00578116	2422
10164233	2423
02599004	2424
05639651	2425
10681557	2426
03626115	2427
02667228	2428
15169136	2429
03906590	2430
07722485	2431
06716234	2432
07674749	2433
01116968	2434
13752679	2435
13745420	2436
07921834	2437
07921455	2438
00453424	2439
07643026	2440
05707146	2441
02027030	2442
01502654	2443
10756641	2444
02091689	2445
00616361	2446
00854393	2447
15166742	2448
04390873	2449
04115456	2450
03199901	2451
06513953	2452
09218641	2453
07590611	2454
00552841	2455
06529219	2456
04240576	2457
01587077	2458
03764822	2459
04520170	2460
04780755	2461
08624656	2462
00550242	2463
07809096	2464
10087736	2465
06263609	2466
15200661	2467
06730780	2468
06212839	2469
03513627	2470
01135795	2471
14455206	2472
00135718	2473
13315077	2474
13314936	2475
10324357	2476
10157744	2477
03868044	2478
13390857	2479
07696527	2480
13103136	2481
07961270	2482
03472796	2483
08261589	2484
08256968	2485
03325769	2486
03328201	2487
08555333	2488
08858942	2489
02936281	2490
02025550	2491
07572957	2492
03664943	2493
00606335	2494
08437968	2495
08437515	2496
14877234	2497
05659365	2498
04721650	2499
10641223	2500
00325785	2501
07810907	2502
00739270	2503
00139729	2504
00616083	2505
01743531	2506
00047172	2507
10216403	2508
04928416	2509
04924103	2510
13493998	2511
03210683	2512
01782519	2513
08597023	2514
08619620	2515
10197392	2516
10607933	2517
03393017	2518
01950128	2519
15169248	2520
02439501	2521
01105737	2522
07204911	2523
04008947	2524
02546467	2525
04640927	2526
00897989	2527
08524130	2528
08036849	2529
00790703	2530
03772077	2531
02984061	2532
00340989	2533
07634901	2534
07635155	2535
00463469	2536
00609100	2537
02118242	2538
00451866	2539
06276902	2540
05626618	2541
05625879	2542
08482577	2543
07710283	2544
03673767	2545
14705533	2546
03350602	2547
04595855	2548
07670731	2549
04566257	2550
01493897	2551
13426238	2552
13286801	2553
08397255	2554
13622591	2555
05011790	2556
07890068	2557
02039156	2558
00535844	2559
04257986	2560
10697135	2561
01053339	2562
10610465	2563
02398463	2564
01234345	2565
15163005	2566
13623054	2567
13857486	2568
13854649	2569
00122661	2570
03487090	2571
10676018	2572
10656969	2573
10280945	2574
04465933	2575
00962567	2576
13948136	2577
10488016	2578
03264542	2579
01504699	2580
04508062	2581
02967626	2582
10512708	2583
09937489	2584
00127672	2585
01190840	2586
08402944	2587
08402828	2588
01015104	2589
14779550	2590
06877078	2591
03813834	2592
04213626	2593
15244351	2594
15242955	2595
01799794	2596
01123095	2597
03772269	2598
02708420	2599
04660080	2600
13752172	2601
08197742	2602
10272171	2603
01097743	2604
01497292	2605
13408641	2606
13408023	2607
04586421	2608
00622266	2609
06596179	2610
03248958	2611
01120448	2612
01087178	2613
01086945	2614
01068012	2615
10601526	2616
04728376	2617
13393427	2618
05196582	2619
10406072	2620
07965937	2621
10191001	2622
05289601	2623
07204401	2624
05355527	2625
04026813	2626
02206619	2627
02839200	2628
00593837	2629
07459642	2630
06254669	2631
07620145	2632
01856748	2633
03963028	2634
08278924	2635
08892058	2636
10782791	2637
04110955	2638
04082886	2639
03820950	2640
07575510	2641
14836127	2642
01624633	2643
01671039	2644
14299336	2645
08539893	2646
00433458	2647
00307314	2648
00306900	2649
05245906	2650
08347206	2651
14299637	2652
00858188	2653
10025730	2654
00595684	2655
03038685	2656
00841628	2657
13254805	2658
10657556	2659
10657835	2660
03000447	2661
08046759	2662
08879197	2663
06877578	2664
08153874	2665
10413276	2666
01647672	2667
04781967	2668
08252602	2669
00180770	2670
07577657	2671
01665081	2672
07066459	2673
06477003	2674
10202363	2675
02965300	2676
04782116	2677
10408324	2678
00121645	2679
06695227	2680
14865800	2681
07835051	2682
04606574	2683
08688247	2684
09830400	2685
02767956	2686
10490421	2687
07236759	2688
02089420	2689
10726786	2690
13716084	2691
05515670	2692
04359335	2693
05044673	2694
00138221	2695
10690421	2696
01983771	2697
07182485	2698
13926932	2699
13925752	2700
05005250	2701
00552815	2702
00048790	2703
04842993	2704
01814396	2705
05923696	2706
01118614	2707
13753067	2708
09835506	2709
00853835	2710
12633061	2711
06478734	2712
06478582	2713
10058777	2714
13422061	2715
07450549	2716
03883664	2717
03880323	2718
08367100	2719
08143486	2720
00815173	2721
15290337	2722
07612996	2723
01263479	2724
03118846	2725
07065932	2726
07432973	2727
08285896	2728
03138981	2729
10644598	2730
10305802	2731
09366017	2732
00479734	2733
00479076	2734
01177583	2735
08254195	2736
07843775	2737
10345015	2738
03502509	2739
13297850	2740
08311933	2741
01087740	2742
03700963	2743
05816622	2744
10695450	2745
09991530	2746
08626522	2747
06349030	2748
04229195	2749
03900509	2750
07860208	2751
08504851	2752
04395875	2753
03702719	2754
13344071	2755
06529879	2756
