04300080	0
00331842	1
04085873	2
03315644	3
09060768	4
09166902	5
02502212	6
02502357	7
02644967	8
02645143	9
08860123	10
04188064	11
01648818	12
01648993	13
00091124	14
14361182	15
00880227	16
10095869	17
00904046	18
13990502	19
07644382	20
07650637	21
12978969	22
12979129	23
06696025	24
00768778	25
08723006	26
08728595	27
10118382	28
00605310	29
13007195	30
13007417	31
01262936	32
07851054	33
15055633	34
00575720	35
09044862	36
09292751	37
00619183	38
15159819	39
00015498	40
15273626	41
14487184	42
00427786	43
08726745	44
08727396	45
03009477	46
03813704	47
01567888	48
09284015	49
02581108	50
02580336	51
01653509	52
01639765	53
01894040	54
01894207	55
08640111	56
02336947	57
01876667	58
01876326	59
13060912	60
13061704	61
02600953	62
02601200	63
06871384	64
06865345	65
08897065	66
09700492	67
08729626	68
09064468	69
02553196	70
02620033	71
02458135	72
02456962	73
00718573	74
01268112	75
01904120	76
00057306	77
15015501	78
00504676	79
03599964	80
03758720	81
02720201	82
12980231	83
12981595	84
08766988	85
08769645	86
09293917	87
09403734	88
12039743	89
12048772	90
08012765	91
08392137	92
01305361	93
03933529	94
01642671	95
01643374	96
03828465	97
02721538	98
08251877	99
08240633	100
09452395	101
09477890	102
01269008	103
04521987	104
07710616	105
07566863	106
15170786	107
15169873	108
00154778	109
00365709	110
07978423	111
06372680	112
08894456	113
08895771	114
13572436	115
06263020	116
02701445	117
08437968	118
08437515	119
06295235	120
02892948	121
02446014	122
02446206	123
08764107	124
08765771	125
06973610	126
03075191	127
09089139	128
09089923	129
01972131	130
00124442	131
02581803	132
08482577	133
01871406	134
01871699	135
08168978	136
08167365	137
01234345	138
00421535	139
01269360	140
01075117	141
02627292	142
02626762	143
14991927	144
14991712	145
06841365	146
00190023	147
10464542	148
00657016	149
09307300	150
02102605	151
02101108	152
02400139	153
02423465	154
09141526	155
03020927	156
07961016	157
09273447	158
08887013	159
06767777	160
00953923	161
08554440	162
02804590	163
08929922	164
08944561	165
02568392	166
10621514	167
14040846	168
00211108	169
00073584	170
11517494	171
02543412	172
02543565	173
07491591	174
13016457	175
13231436	176
08849753	177
09421191	178
09326662	179
09303008	180
02366825	181
02366959	182
02196690	183
02196948	184
08564307	185
02341108	186
02341288	187
00897241	188
10146927	189
02608176	190
10352299	191
01881857	192
01881171	193
02073041	194
02073250	195
02262542	196
14481080	197
02638323	198
02641063	199
09370773	200
09232165	201
01481027	202
01480770	203
08197386	204
08337324	205
13034953	206
13037124	207
08207540	208
08207209	209
09059274	210
09419281	211
09407346	212
04434932	213
00963241	214
00963283	215
12998349	216
13000372	217
01050896	218
06860177	219
09023321	220
07916970	221
02620318	222
02620443	223
10690421	224
10726786	225
08809749	226
08810220	227
00419137	228
00147862	229
00030358	230
00029378	231
01041674	232
00085626	233
09117351	234
09330604	235
08801678	236
08811982	237
09114401	238
07752264	239
02657805	240
02658079	241
09039411	242
09203217	243
09057311	244
09288946	245
01908039	246
01193886	247
00999817	248
01148283	249
00508952	250
02649689	251
02651412	252
03327234	253
01588134	254
02420789	255
03599761	256
03792334	257
02799897	258
02510240	259
02510455	260
04115456	261
09126305	262
09224325	263
09138935	264
09222880	265
10775128	266
01141938	267
09040839	268
01073655	269
01193099	270
10285135	271
09807754	272
02595217	273
02595339	274
03534890	275
03160309	276
13019017	277
07189411	278
00866505	279
13043264	280
11594676	281
10336904	282
02613181	283
02612657	284
03836062	285
03017070	286
01954852	287
00651954	288
02641825	289
02642107	290
03325769	291
02631659	292
10406072	293
09700964	294
00148472	295
13556509	296
01439121	297
01438208	298
09410724	299
04781967	300
02751623	301
02972499	302
08785343	303
09049303	304
09134386	305
08019913	306
02346627	307
02329401	308
01550429	309
01550953	310
02692232	311
02687992	312
08039601	313
00089351	314
02310482	315
09711132	316
09886010	317
10320863	318
08285896	319
00441212	320
02074915	321
02116959	322
14536831	323
08770932	324
11450566	325
00505802	326
09042213	327
04072811	328
00025654	329
02402409	330
00215683	331
04449796	332
02583780	333
00962722	334
00298041	335
08366202	336
08800258	337
08800676	338
01944617	339
01939598	340
00287258	341
00283911	342
01680132	343
01896031	344
13065215	345
11592146	346
08951957	347
06845599	348
03755991	349
12074678	350
00782072	351
10722965	352
14842992	353
01292727	354
09090825	355
09380817	356
07804152	357
07802417	358
09092497	359
09093472	360
14910165	361
14732946	362
01645093	363
01645278	364
08254055	365
08253640	366
01482071	367
01480516	368
14672224	369
14672023	370
02595702	371
02594552	372
13753067	373
00281132	374
02007417	375
09341465	376
01650509	377
01651059	378
00218475	379
03251766	380
13044778	381
12992868	382
01547641	383
01547390	384
09091909	385
08638442	386
01547459	387
01548143	388
13881381	389
06778102	390
10224098	391
03093574	392
03868044	393
09131654	394
09405949	395
04508062	396
02967626	397
11507321	398
11499817	399
13208468	400
13208705	401
06214744	402
09945603	403
07642182	404
00980908	405
05960464	406
02368787	407
04993882	408
09192708	409
08871007	410
08876975	411
02628467	412
02628600	413
09761068	414
02434541	415
11764231	416
11764814	417
15273955	418
00014742	419
09103377	420
08695539	421
12078172	422
12041446	423
01778568	424
02011810	425
13560417	426
13456715	427
00409281	428
09863749	429
09377315	430
02422249	431
03783017	432
02718811	433
00450335	434
01958615	435
03555426	436
10619176	437
06214580	438
02608004	439
09368224	440
15186871	441
05716744	442
01480880	443
03553708	444
00256746	445
01596645	446
01626134	447
10117267	448
13211516	449
13211790	450
05872742	451
14712036	452
00025728	453
01643657	454
08943601	455
02456147	456
02456275	457
14747168	458
14747338	459
09089782	460
02971469	461
06990000	462
12963796	463
12966386	464
07573103	465
07572957	466
12053138	467
12053405	468
07573241	469
09731436	470
09634494	471
03905730	472
03525454	473
13987423	474
02463990	475
10564800	476
07035420	477
07033007	478
07153727	479
00853958	480
10548227	481
00590518	482
02458822	483
02458517	484
02426634	485
09407043	486
02064608	487
02064816	488
03979847	489
14593671	490
01502946	491
03938244	492
10548681	493
08808292	494
08808452	495
01653384	496
12062468	497
02525866	498
02527498	499
02646117	500
02902079	501
04008947	502
09328904	503
10452752	504
10472799	505
03694490	506
04547592	507
01130607	508
07380144	509
02088627	510
09331328	511
07443210	512
00223500	513
09109444	514
09407632	515
02748618	516
15009843	517
08018189	518
08806897	519
09161090	520
02470451	521
02470899	522
08395682	523
08874469	524
08546183	525
12975207	526
12975608	527
02602215	528
02602620	529
02663849	530
07791274	531
07595751	532
00842692	533
01169704	534
01302086	535
01300242	536
08626947	537
02310007	538
02281485	539
07556637	540
01428155	541
02545569	542
00264875	543
14599641	544
12968408	545
12968658	546
01253778	547
01706889	548
09127461	549
09233715	550
12102133	551
12101870	552
00991838	553
10082146	554
03568653	555
02546177	556
02546331	557
09071690	558
09075007	559
09371360	560
03807052	561
03809939	562
01086945	563
13265904	564
02176611	565
02176747	566
10454972	567
09884391	568
14879750	569
14879605	570
01064148	571
01675190	572
00487653	573
02831595	574
09688008	575
02957823	576
01446283	577
01447822	578
15228267	579
15154774	580
02934594	581
05556943	582
13773539	583
04396466	584
02631349	585
10163723	586
02996840	587
02716866	588
12968882	589
12969670	590
05408388	591
14807929	592
14881303	593
02335363	594
01449252	595
01449374	596
01649170	597
04135315	598
11875691	599
11868814	600
02137549	601
02134971	602
02352591	603
07424109	604
14747587	605
14745635	606
02498355	607
02498888	608
08174398	609
08953324	610
02618697	611
00442267	612
01427278	613
09772746	614
09066534	615
02733187	616
05395690	617
11495041	618
00403401	619
09937489	620
01245986	621
01245637	622
09108164	623
09340203	624
03626115	625
01531265	626
08082236	627
08082602	628
02429695	629
02434834	630
01448767	631
01449586	632
02174115	633
00076393	634
09084750	635
09473808	636
02073679	637
02073831	638
12221522	639
12221191	640
07927931	641
09100982	642
02596381	643
02594250	644
09928845	645
02339768	646
02339922	647
06125041	648
05996646	649
09366317	650
13029946	651
04238321	652
01353670	653
13052431	654
02619029	655
02619409	656
03298211	657
02830852	658
01633949	659
01626600	660
08850741	661
02616851	662
08728066	663
02083038	664
02119961	665
07688412	666
07689003	667
12054499	668
02134589	669
02136285	670
06366581	671
00135285	672
09356080	673
02432983	674
02430045	675
08250635	676
02571300	677
12963307	678
11590783	679
07571547	680
07571324	681
02469588	682
02501101	683
00550016	684
10318892	685
02391049	686
02374149	687
06947479	688
02927512	689
08936647	690
08875547	691
08540532	692
01472303	693
01472502	694
09093608	695
09452017	696
04988258	697
04987620	698
04201733	699
02814533	700
09148970	701
09405515	702
02118854	703
08359949	704
08984788	705
09166304	706
09268927	707
09386842	708
10160624	709
10490421	710
02572904	711
02573075	712
01354006	713
14705718	714
02365672	715
02365848	716
09762509	717
01720980	718
12994979	719
13023292	720
01853696	721
01915365	722
05921685	723
09704630	724
08873622	725
08340153	726
08347704	727
02390101	728
10338094	729
09692250	730
01503061	731
08215248	732
08190754	733
09153570	734
00828990	735
00086835	736
12992464	737
00578795	738
01044533	739
07127252	740
02643673	741
02394068	742
03654086	743
15244351	744
06211078	745
00680485	746
08358594	747
03191967	748
02599784	749
02600135	750
10254965	751
10182913	752
04947628	753
02234781	754
03701391	755
02760429	756
03942244	757
09053185	758
09453887	759
02655020	760
07781972	761
06907728	762
01054694	763
02395406	764
12977795	765
03856148	766
03800001	767
14750782	768
15058163	769
07455151	770
07628870	771
09357580	772
08167779	773
02139479	774
02140357	775
09075842	776
09281545	777
07622061	778
09120594	779
09076675	780
08124649	781
14618253	782
00265094	783
01891438	784
01892271	785
01928730	786
00288486	787
01550172	788
01547832	789
02639464	790
02639605	791
09151411	792
01058880	793
09714120	794
08953151	795
03886237	796
02327028	797
02326432	798
04474466	799
13363970	800
08932568	801
10663315	802
02322596	803
03021531	804
09151963	805
08558488	806
13001930	807
00324231	808
00328128	809
03031553	810
13408641	811
13408023	812
02919100	813
00962129	814
01650167	815
02558724	816
01398941	817
04561734	818
02607630	819
01058870	820
01186428	821
13460568	822
13478525	823
07638439	824
01223877	825
01465994	826
01466828	827
08851034	828
01290435	829
00968155	830
09222742	831
06207561	832
01778017	833
02661765	834
02661892	835
15137047	836
15163005	837
06969129	838
06236802	839
03904183	840
09701148	841
00513401	842
02120458	843
02458675	844
07625493	845
07622708	846
00458754	847
13575433	848
10384214	849
01139865	850
08729283	851
01652297	852
12081851	853
10561613	854
02120387	855
06889591	856
00883226	857
08812952	858
08813699	859
00432839	860
01438720	861
01304121	862
00962567	863
07501420	864
08194927	865
08279800	866
10610465	867
12082357	868
09747329	869
03130073	870
02483092	871
07623933	872
09382362	873
02425756	874
04412727	875
02338449	876
09094217	877
04305323	878
03719053	879
08597023	880
02738760	881
09078231	882
06128307	883
12076075	884
06245084	885
13529616	886
02672859	887
00198213	888
14757547	889
08085648	890
08083599	891
09249418	892
12083339	893
04078747	894
03720665	895
08846135	896
02488291	897
02484473	898
09942871	899
12978654	900
02415435	901
02414578	902
09348460	903
13205482	904
13209647	905
09133010	906
09326467	907
03637480	908
02628259	909
02627835	910
11449907	911
09139508	912
09114696	913
01756719	914
07009946	915
01628885	916
01630284	917
00751389	918
06556481	919
01639105	920
09934921	921
09201301	922
03046257	923
00490968	924
00849294	925
00854717	926
00492706	927
14857278	928
07229747	929
02573918	930
03461119	931
09194357	932
09464652	933
01893825	934
01900837	935
02525044	936
10404426	937
02355711	938
02362025	939
03032576	940
09110422	941
09243209	942
01543731	943
03914919	944
09102016	945
09340935	946
15137676	947
15118453	948
13521873	949
14516743	950
03023175	951
01749184	952
03926575	953
08698379	954
02527813	955
02544596	956
00021065	957
03041491	958
02329093	959
02330582	960
09152944	961
09177385	962
12964572	963
02640093	964
03921749	965
01640567	966
01641391	967
02547947	968
02548247	969
02615739	970
02614387	971
02583567	972
02135220	973
13393427	974
13388245	975
03022041	976
02528534	977
02528949	978
01885158	979
01883513	980
02065026	981
01064401	982
12977565	983
13049561	984
13053816	985
09024467	986
08691669	987
09144730	988
07676425	989
01861465	990
01873850	991
04520618	992
01450081	993
01451524	994
05407119	995
02915055	996
08790953	997
09393605	998
10016103	999
00592001	1000
01953810	1001
04474035	1002
00432683	1003
02540637	1004
02540983	1005
02573406	1006
10641301	1007
15170504	1008
14738752	1009
04295881	1010
04434285	1011
06869951	1012
00482180	1013
02323186	1014
02328270	1015
07796165	1016
07795751	1017
01646134	1018
01625747	1019
01628450	1020
00450866	1021
00089657	1022
14607521	1023
02623445	1024
12141495	1025
12060816	1026
12061614	1027
09237404	1028
04205318	1029
01353405	1030
04159058	1031
06757891	1032
01635176	1033
15209413	1034
15136147	1035
13031956	1036
13032115	1037
04066023	1038
04511002	1039
00457228	1040
10489944	1041
06056923	1042
07667151	1043
07667326	1044
01643687	1045
14753808	1046
14751417	1047
04007510	1048
02650541	1049
02650050	1050
00858849	1051
00016380	1052
02367993	1053
02368116	1054
00506040	1055
04323819	1056
03540267	1057
02611767	1058
10485440	1059
02580577	1060
13345286	1061
12997654	1062
08910668	1063
09714429	1064
01271658	1065
07866723	1066
09482715	1067
04217546	1068
04512476	1069
02373601	1070
02377480	1071
02590237	1072
02591205	1073
06477209	1074
06471737	1075
01894670	1076
01894803	1077
02545687	1078
12963140	1079
04760771	1080
00626800	1081
01245813	1082
01245618	1083
00590148	1084
09906848	1085
02599557	1086
07792470	1087
00501479	1088
04419315	1089
09823287	1090
00918471	1091
02324850	1092
07666521	1093
02521916	1094
02521646	1095
01477745	1096
01477875	1097
12969927	1098
02486232	1099
08385009	1100
06699225	1101
06698252	1102
00421125	1103
08807894	1104
08961402	1105
09721244	1106
01448951	1107
09119277	1108
03073832	1109
13390857	1110
13315077	1111
13314936	1112
04879658	1113
01158572	1114
00356367	1115
02593863	1116
02597173	1117
15160418	1118
02598747	1119
15227846	1120
12055317	1121
06966310	1122
06963951	1123
02529515	1124
02533075	1125
02335349	1126
02340813	1127
14859622	1128
09147046	1129
09147618	1130
01971280	1131
01971094	1132
00542841	1133
06271778	1134
07778938	1135
14753188	1136
14752057	1137
02635154	1138
02632989	1139
02438452	1140
02438580	1141
09069190	1142
14864360	1143
09401474	1144
03883664	1145
13065902	1146
13067845	1147
01985029	1148
01983771	1149
13752172	1150
13745420	1151
03747508	1152
13650921	1153
00014405	1154
02630281	1155
06938493	1156
13019202	1157
08017974	1158
12973541	1159
09252766	1160
08224684	1161
06234825	1162
05284333	1163
05273684	1164
02483915	1165
02486787	1166
12967281	1167
12967776	1168
09422294	1169
01323518	1170
14696793	1171
09338910	1172
09388848	1173
02348405	1174
02349730	1175
07713395	1176
02359204	1177
00135013	1178
06147873	1179
02332606	1180
02332755	1181
09233284	1182
15171008	1183
04999741	1184
14777606	1185
14778019	1186
13065514	1187
13063269	1188
08727606	1189
13622209	1190
13615557	1191
08563180	1192
02622823	1193
09087599	1194
02625418	1195
02625612	1196
04546855	1197
01497292	1198
01215137	1199
09801102	1200
06369829	1201
08761244	1202
08761868	1203
09972661	1204
10506544	1205
07795598	1206
03057075	1207
05959954	1208
01480336	1209
01480715	1210
09475292	1211
13077033	1212
00210738	1213
03899100	1214
10460033	1215
10656969	1216
10280945	1217
01437805	1218
02349980	1219
07059255	1220
07071942	1221
08014860	1222
03023415	1223
09367827	1224
12062227	1225
03362393	1226
12977296	1227
12983217	1228
03694761	1229
02409369	1230
02409508	1231
08877208	1232
08780881	1233
06976392	1234
02356108	1235
02356381	1236
00233614	1237
00191517	1238
02639312	1239
01547001	1240
01886220	1241
02453373	1242
09040475	1243
09408540	1244
02651617	1245
02693246	1246
12980840	1247
13077295	1248
02325366	1249
02324045	1250
03752649	1251
09095023	1252
09099264	1253
00375021	1254
02863750	1255
05681117	1256
14024882	1257
01453852	1258
01455592	1259
01176567	1260
01176232	1261
02659176	1262
09244972	1263
03922412	1264
09157163	1265
09157766	1266
01322854	1267
00620424	1268
07891726	1269
00459114	1270
03282060	1271
02085742	1272
00052146	1273
04341133	1274
09076982	1275
08665504	1276
09075170	1277
09041785	1278
03475118	1279
00712833	1280
08771596	1281
07035870	1282
02522581	1283
02759963	1284
01266895	1285
03347472	1286
04450749	1287
00861423	1288
01389942	1289
07678193	1290
02323449	1291
08348815	1292
09028062	1293
03837157	1294
01448165	1295
03761845	1296
02551824	1297
12969425	1298
09118639	1299
15159583	1300
00735389	1301
01884703	1302
01884834	1303
08143486	1304
07921834	1305
07921455	1306
03634189	1307
09110229	1308
04761212	1309
01167981	1310
10013242	1311
14723628	1312
14723079	1313
09100080	1314
00426958	1315
00053609	1316
13002433	1317
08771116	1318
08945277	1319
14746417	1320
01439514	1321
00904878	1322
01241594	1323
03285348	1324
02715941	1325
06373991	1326
13067532	1327
13066129	1328
09479238	1329
02981024	1330
08935212	1331
09069862	1332
09264116	1333
00088713	1334
14174549	1335
09992538	1336
08346655	1337
02599207	1338
05039709	1339
01446589	1340
09065557	1341
09082540	1342
09341145	1343
09130076	1344
09131553	1345
02261642	1346
08899577	1347
09073697	1348
07781207	1349
07780627	1350
02138441	1351
09168592	1352
08505573	1353
06937985	1354
04476633	1355
03829085	1356
02484322	1357
02469914	1358
04018399	1359
04395875	1360
03552169	1361
04423288	1362
01652850	1363
01653026	1364
09070793	1365
09071349	1366
13138308	1367
13138658	1368
09238425	1369
09074431	1370
02552737	1371
01627786	1372
06128024	1373
03155334	1374
02156546	1375
00230172	1376
09459557	1377
01247647	1378
13048666	1379
15166742	1380
00105778	1381
06781383	1382
13024763	1383
02373093	1384
04728376	1385
02341266	1386
09679925	1387
09678009	1388
15042542	1389
02398732	1390
03634469	1391
03912328	1392
04522904	1393
02352390	1394
02399000	1395
02399648	1396
00017282	1397
03755545	1398
02353037	1399
14299336	1400
14299070	1401
09440186	1402
00491689	1403
08168531	1404
09648309	1405
00431005	1406
07703743	1407
07703333	1408
11545714	1409
02062209	1410
02689973	1411
02507337	1412
02507649	1413
02708707	1414
10744164	1415
14861042	1416
15016852	1417
08028623	1418
02705201	1419
02618468	1420
08783286	1421
08782627	1422
14748335	1423
02175958	1424
09170788	1425
00015303	1426
09321180	1427
02072159	1428
02069888	1429
09867154	1430
09343422	1431
01638482	1432
06510977	1433
06509210	1434
01456939	1435
01457082	1436
10746346	1437
00680346	1438
10527334	1439
02394822	1440
02395003	1441
04496035	1442
02654256	1443
02654609	1444
03895866	1445
02959942	1446
01639369	1447
01647803	1448
01645776	1449
06695862	1450
02655355	1451
02655523	1452
04416530	1453
13344664	1454
00891216	1455
09137032	1456
09137451	1457
09422964	1458
02433796	1459
10583790	1460
02936020	1461
04248851	1462
01889328	1463
01891145	1464
00105554	1465
10221312	1466
09068444	1467
09453288	1468
00443670	1469
14883206	1470
02351518	1471
00793037	1472
09961739	1473
08999482	1474
09001580	1475
03287459	1476
03854065	1477
10382825	1478
02416519	1479
01325417	1480
09050730	1481
09049599	1482
00223983	1483
00479176	1484
01883212	1485
01883762	1486
03921337	1487
10766492	1488
09262690	1489
02583211	1490
02584004	1491
10023656	1492
04424003	1493
09905050	1494
01897991	1495
05236029	1496
01087740	1497
00211396	1498
02619738	1499
09738708	1500
00410406	1501
00227507	1502
02068735	1503
02068974	1504
08729452	1505
02323902	1506
03251533	1507
03216828	1508
02596888	1509
02597004	1510
02502902	1511
02506466	1512
04224671	1513
03007130	1514
02389592	1515
02389346	1516
04049405	1517
01354405	1518
03198637	1519
03774842	1520
01215421	1521
05097845	1522
01638952	1523
07722485	1524
04683136	1525
01273263	1526
02841063	1527
13381734	1528
13377268	1529
01873310	1530
01871875	1531
02324717	1532
03214051	1533
01874434	1534
02660769	1535
02662081	1536
02342109	1537
08875369	1538
09053019	1539
09129442	1540
02511633	1541
09105821	1542
09478355	1543
00848282	1544
00848098	1545
13344804	1546
02440705	1547
02446512	1548
03652932	1549
01289155	1550
14487731	1551
03878963	1552
02457249	1553
02457408	1554
00089154	1555
02112891	1556
13428159	1557
04577293	1558
02792552	1559
09041371	1560
07620145	1561
07612632	1562
04568557	1563
00190999	1564
13426376	1565
07631511	1566
09129926	1567
01471070	1568
01479937	1569
01457276	1570
02604014	1571
02604342	1572
13028070	1573
02649082	1574
02649218	1575
06630627	1576
09377861	1577
08042856	1578
01305241	1579
01305542	1580
08727003	1581
04473432	1582
09438554	1583
08714132	1584
08698126	1585
12967504	1586
01944812	1587
08877807	1588
02373843	1589
02623170	1590
02629435	1591
13053450	1592
13053608	1593
01302935	1594
10146559	1595
06966825	1596
03910033	1597
10618848	1598
01531742	1599
01081456	1600
08813264	1601
02522990	1602
08133189	1603
04412550	1604
02698769	1605
01201422	1606
10132145	1607
02127808	1608
02120997	1609
00419375	1610
01287431	1611
00955060	1612
04480625	1613
06147522	1614
02105990	1615
07512465	1616
02600298	1617
02599958	1618
02332445	1619
06344461	1620
08876773	1621
09102517	1622
12045514	1623
03922561	1624
03804048	1625
08541609	1626
08029421	1627
08235343	1628
02345213	1629
06967529	1630
13010401	1631
02563497	1632
02563949	1633
01493380	1634
08615638	1635
09142771	1636
11410298	1637
09295576	1638
02346823	1639
02347443	1640
09155306	1641
09155692	1642
04947186	1643
04946877	1644
09327881	1645
09465135	1646
10194566	1647
01546921	1648
09085334	1649
01610101	1650
04081044	1651
01445597	1652
02663086	1653
02362194	1654
02355227	1655
09139380	1656
08404895	1657
08368308	1658
13212751	1659
02591493	1660
01633047	1661
00266197	1662
13538757	1663
09286318	1664
07036862	1665
09146111	1666
13559409	1667
07230227	1668
03042697	1669
09754051	1670
00245289	1671
06598244	1672
02617029	1673
02617689	1674
02503517	1675
02503127	1676
08125420	1677
03497657	1678
02363128	1679
00126721	1680
01082290	1681
02328429	1682
09070487	1683
09719430	1684
07967382	1685
08475722	1686
13298935	1687
12082593	1688
01084180	1689
02234551	1690
09067277	1691
09068320	1692
06789411	1693
10788852	1694
02590910	1695
02641608	1696
02647503	1697
00593837	1698
10211203	1699
02457756	1700
05558345	1701
09054350	1702
07677860	1703
13055009	1704
09388318	1705
01888520	1706
00427580	1707
15049594	1708
02546075	1709
07295629	1710
08153874	1711
10210137	1712
02874876	1713
03491724	1714
02485631	1715
03807895	1716
09159003	1717
03998525	1718
02721160	1719
06201908	1720
00680145	1721
09702134	1722
08786855	1723
04407844	1724
13074084	1725
02611425	1726
00003826	1727
14359459	1728
02657083	1729
02663352	1730
04078236	1731
03830582	1732
06596179	1733
06595351	1734
00445940	1735
01707306	1736
07027458	1737
00483656	1738
13753585	1739
13024967	1740
13026146	1741
02648456	1742
09109882	1743
00315383	1744
01889074	1745
09139993	1746
02423787	1747
02425228	1748
00627849	1749
00629997	1750
04989657	1751
02183787	1752
01454260	1753
02646985	1754
02399791	1755
01546660	1756
01551430	1757
13298701	1758
13298011	1759
09144117	1760
13054211	1761
13057845	1762
02121620	1763
02658381	1764
02591757	1765
03697109	1766
04329477	1767
00479734	1768
07781319	1769
07775905	1770
10659393	1771
08813156	1772
13212025	1773
07711471	1774
07738353	1775
08570758	1776
01081852	1777
08787049	1778
00162236	1779
14713748	1780
14712692	1781
03191776	1782
02065932	1783
02066086	1784
00419685	1785
02621107	1786
02621258	1787
07620485	1788
01628148	1789
02486261	1790
03763968	1791
04509592	1792
10607933	1793
10024119	1794
01524359	1795
02537847	1796
02538406	1797
00323856	1798
07588947	1799
02131418	1800
02131942	1801
01041762	1802
13060451	1803
13062630	1804
09289913	1805
02616705	1806
01950502	1807
10261388	1808
13059485	1809
08124971	1810
08339939	1811
02415253	1812
08541130	1813
01282466	1814
01627424	1815
09154178	1816
14974264	1817
01585759	1818
01244593	1819
02430191	1820
08305942	1821
09058219	1822
00125633	1823
02339376	1824
02338901	1825
10071332	1826
00416399	1827
03974671	1828
02627686	1829
13753274	1830
02039156	1831
00341548	1832
05426989	1833
05455690	1834
02072209	1835
02072355	1836
01650901	1837
09423379	1838
02989475	1839
00992331	1840
15187077	1841
09026911	1842
09139849	1843
08457976	1844
02797021	1845
08571275	1846
01439657	1847
01439808	1848
10718509	1849
09027853	1850
05426243	1851
12969131	1852
08899149	1853
15142836	1854
02031622	1855
04506289	1856
09830400	1857
03966976	1858
10669236	1859
02485844	1860
08095647	1861
08096301	1862
03587442	1863
09884133	1864
09425835	1865
01641739	1866
04611654	1867
09026780	1868
06814870	1869
06862202	1870
02599052	1871
04159354	1872
00058265	1873
02412440	1874
00058645	1875
08801364	1876
02121234	1877
02125689	1878
01641206	1879
01640846	1880
06930934	1881
02751782	1882
02832168	1883
08321469	1884
08472335	1885
08941208	1886
08939562	1887
15166462	1888
15169421	1889
03075097	1890
04452848	1891
01639071	1892
01385920	1893
02559232	1894
01094086	1895
07472929	1896
12975982	1897
02444103	1898
02582437	1899
02582591	1900
00366858	1901
09333706	1902
08012028	1903
08438533	1904
03772269	1905
08615374	1906
00492677	1907
10350220	1908
10079893	1909
00625393	1910
04762355	1911
02718469	1912
08015731	1913
02640857	1914
07799738	1915
00700652	1916
09206375	1917
00704305	1918
00643197	1919
02367131	1920
02367678	1921
00088725	1922
14728724	1923
02502085	1924
02120079	1925
02545841	1926
02509405	1927
08325530	1928
01587575	1929
00504975	1930
04535634	1931
08564739	1932
04272054	1933
10075529	1934
15200661	1935
01552956	1936
02575766	1937
02577532	1938
08502797	1939
05949937	1940
06630017	1941
04492856	1942
03582305	1943
07913081	1944
04470037	1945
01594362	1946
06790042	1947
02534352	1948
02535909	1949
09099526	1950
08700255	1951
03600285	1952
04489008	1953
09048880	1954
01604251	1955
04108268	1956
08782976	1957
01542207	1958
00329619	1959
10506915	1960
06696483	1961
01142761	1962
08122141	1963
02354536	1964
04595855	1965
02586382	1966
14685641	1967
02554235	1968
02338592	1969
06018465	1970
06018022	1971
04497570	1972
03045337	1973
09458587	1974
09396275	1975
02828648	1976
05455912	1977
01243474	1978
01758308	1979
03138534	1980
08677801	1981
14886579	1982
04443257	1983
04442831	1984
01679980	1985
01277288	1986
09680504	1987
09157021	1988
02600503	1989
13064852	1990
00263682	1991
03381126	1992
03174211	1993
02346315	1994
02366702	1995
03324928	1996
13498404	1997
15228162	1998
08610305	1999
13027190	2000
15022776	2001
14736359	2002
08805122	2003
08805565	2004
07689217	2005
07961270	2006
09398217	2007
12084746	2008
02482820	2009
03817062	2010
01648001	2011
01648139	2012
02435689	2013
02436067	2014
09353437	2015
02330245	2016
09150863	2017
01873007	2018
02136901	2019
14418822	2020
12979478	2021
06792526	2022
12972414	2023
12972629	2024
02503313	2025
09158024	2026
02009280	2027
02597367	2028
09435065	2029
09313241	2030
09476331	2031
00297906	2032
15129927	2033
07883384	2034
07883251	2035
01643507	2036
02710766	2037
00510723	2038
10293861	2039
10271677	2040
10525617	2041
02379753	2042
02514575	2043
00374668	2044
14412882	2045
01194238	2046
09118313	2047
12078954	2048
09243405	2049
05978623	2050
02133512	2051
02133704	2052
03371532	2053
02445715	2054
02441326	2055
02554512	2056
13010219	2057
02357741	2058
13296899	2059
00848466	2060
03093184	2061
09378529	2062
06413889	2063
06256229	2064
01452633	2065
01452798	2066
00637145	2067
02158739	2068
06961557	2069
02651846	2070
02652132	2071
09086070	2072
07618871	2073
03757428	2074
02723292	2075
09340644	2076
00855295	2077
06777794	2078
00038365	2079
02722458	2080
02629410	2081
13063046	2082
02459808	2083
02461014	2084
13282419	2085
09498497	2086
03246454	2087
01985923	2088
04580777	2089
03449564	2090
06310945	2091
06309383	2092
08672199	2093
02854156	2094
01885032	2095
06218459	2096
02663657	2097
02665119	2098
02542162	2099
02542283	2100
08013453	2101
02575168	2102
02575325	2103
07647870	2104
01642943	2105
01309143	2106
10563826	2107
06695579	2108
06695227	2109
12054902	2110
00923321	2111
10207514	2112
01305731	2113
01478511	2114
01474283	2115
10765189	2116
03556281	2117
02063224	2118
04446162	2119
02396427	2120
01465713	2121
02370525	2122
09127844	2123
08553535	2124
08549733	2125
10753182	2126
09170294	2127
08325851	2128
00427397	2129
00596393	2130
09151800	2131
02449464	2132
02446819	2133
03769967	2134
04120842	2135
01472939	2136
05473104	2137
02706373	2138
02685299	2139
02991048	2140
14739360	2141
00842997	2142
14070360	2143
14061805	2144
03663433	2145
03612814	2146
00215838	2147
09103943	2148
01298797	2149
02496576	2150
02601921	2151
02601344	2152
05611684	2153
02552171	2154
08311687	2155
08310949	2156
00103317	2157
04112752	2158
02457586	2159
02640626	2160
02640242	2161
08772551	2162
01880937	2163
01881991	2164
09052835	2165
09137869	2166
06371413	2167
13049285	2168
06593803	2169
06391766	2170
01660386	2171
03792048	2172
10452892	2173
10470779	2174
04517535	2175
01650690	2176
04107984	2177
09130452	2178
04034884	2179
03702719	2180
09111366	2181
00900583	2182
02989178	2183
08029908	2184
07590611	2185
02441723	2186
02441942	2187
02236842	2188
15164957	2189
15165289	2190
08605261	2191
08600992	2192
04034641	2193
01646528	2194
14485064	2195
01043333	2196
12971157	2197
00458471	2198
08765623	2199
09710164	2200
03016202	2201
01638611	2202
00223854	2203
13062112	2204
13062272	2205
04508489	2206
02340186	2207
02628856	2208
02629230	2209
08504594	2210
08683548	2211
01271428	2212
01649948	2213
01651900	2214
08774374	2215
08627919	2216
08537837	2217
01167780	2218
03199647	2219
03328392	2220
08722844	2221
12046251	2222
09863936	2223
02875499	2224
08933940	2225
08641113	2226
03599628	2227
03800563	2228
09133895	2229
12983404	2230
02621721	2231
02621908	2232
08724726	2233
08261589	2234
08256968	2235
01454702	2236
01454856	2237
01392080	2238
09108728	2239
10538733	2240
02470685	2241
04842993	2242
06780882	2243
02500749	2244
01268457	2245
00958477	2246
13035521	2247
13035707	2248
03504420	2249
01349493	2250
07351909	2251
10183757	2252
03946532	2253
02588108	2254
02588580	2255
01696135	2256
01672607	2257
04794751	2258
02898711	2259
01890718	2260
02609169	2261
04229107	2262
09150047	2263
02348788	2264
02331309	2265
02610541	2266
02610664	2267
03747103	2268
12080199	2269
13802098	2270
02800793	2271
10242791	2272
08149781	2273
02794372	2274
13032381	2275
13384877	2276
03157987	2277
08896645	2278
02062744	2279
03224032	2280
02977619	2281
02328662	2282
02328942	2283
02351870	2284
01900488	2285
02884456	2286
03863262	2287
03121897	2288
08933287	2289
02075727	2290
01273016	2291
06855207	2292
10675481	2293
04335435	2294
01945183	2295
00899597	2296
06777687	2297
15222686	2298
03460674	2299
04100994	2300
09693372	2301
00015806	2302
06960566	2303
01724185	2304
03040836	2305
07613671	2306
04236001	2307
04520480	2308
02453890	2309
02353709	2310
02354320	2311
02647903	2312
02996249	2313
15160866	2314
04370288	2315
04485226	2316
02629581	2317
14919272	2318
09935233	2319
08557482	2320
00883635	2321
08790495	2322
08787240	2323
02354950	2324
04438304	2325
00702226	2326
00390198	2327
09200649	2328
02547213	2329
08340753	2330
01654429	2331
06367107	2332
06352782	2333
06351613	2334
10511960	2335
00408852	2336
00411547	2337
10247044	2338
03296759	2339
10531227	2340
08416652	2341
02120692	2342
02130190	2343
14755804	2344
09052652	2345
08911421	2346
02638596	2347
06960298	2348
12972966	2349
04535826	2350
01640383	2351
03906590	2352
02488149	2353
12050295	2354
02325884	2355
08790748	2356
03963483	2357
12965209	2358
12965463	2359
03918297	2360
03818090	2361
09260466	2362
02542598	2363
04006727	2364
03681148	2365
08365855	2366
03881534	2367
03141065	2368
00329819	2369
08546870	2370
01882125	2371
10583250	2372
02540670	2373
09025728	2374
02405252	2375
00360242	2376
01560369	2377
01480149	2378
01480469	2379
09103217	2380
02930766	2381
01949007	2382
07781801	2383
01288272	2384
13206584	2385
13206817	2386
01944955	2387
01944390	2388
10783734	2389
02448200	2390
09069415	2391
15122231	2392
01645466	2393
03469175	2394
03962525	2395
13012613	2396
13013187	2397
09073258	2398
02574093	2399
02136271	2400
01669643	2401
04606014	2402
00485711	2403
07230089	2404
01634392	2405
03348454	2406
10582154	2407
02461372	2408
02461556	2409
08783812	2410
01004961	2411
13070003	2412
02390454	2413
01169067	2414
10132988	2415
02424305	2416
02419796	2417
02724966	2418
02989685	2419
03586631	2420
00853633	2421
01457576	2422
02598438	2423
09100690	2424
07620327	2425
07468244	2426
01645634	2427
13246662	2428
13246475	2429
08725454	2430
01452496	2431
01453188	2432
06937768	2433
09155986	2434
00132385	2435
02562085	2436
02562315	2437
02494866	2438
02495242	2439
12996225	2440
13038944	2441
02652335	2442
02074004	2443
02074542	2444
13753740	2445
02637637	2446
09313716	2447
02353529	2448
02354470	2449
09063673	2450
09066948	2451
02331479	2452
02332315	2453
02425393	2454
02425532	2455
09482131	2456
13006741	2457
07676967	2458
08319198	2459
13752911	2460
09170996	2461
02606926	2462
02607072	2463
08775297	2464
13418047	2465
13417410	2466
14752702	2467
04733204	2468
08253815	2469
01466996	2470
12059479	2471
01466047	2472
04029125	2473
00299680	2474
02542017	2475
02541687	2476
02431628	2477
01643092	2478
13573666	2479
09696124	2480
02323715	2481
02326237	2482
06621447	2483
01653773	2484
07569423	2485
04218383	2486
02413131	2487
02411705	2488
02831724	2489
01442591	2490
02635310	2491
06220616	2492
09065328	2493
03756624	2494
03036341	2495
03036469	2496
06880664	2497
03299006	2498
01885367	2499
02896442	2500
09352108	2501
13623054	2502
10064229	2503
02534559	2504
02952109	2505
09428967	2506
00624263	2507
02132974	2508
02133161	2509
14844693	2510
00212790	2511
12044269	2512
06700169	2513
07066459	2514
03047353	2515
07674749	2516
07800487	2517
13720600	2518
13716084	2519
02989313	2520
04694809	2521
01532329	2522
12998815	2523
08887841	2524
01448291	2525
01449712	2526
09125629	2527
08539893	2528
08539717	2529
02451292	2530
02195470	2531
07858595	2532
03877845	2533
04079244	2534
08682819	2535
08563627	2536
13622591	2537
02540412	2538
07798554	2539
02515914	2540
09483340	2541
02137172	2542
09156666	2543
02624167	2544
09101318	2545
02136103	2546
09694109	2547
02534734	2548
09095751	2549
09096089	2550
04159545	2551
03380134	2552
04051825	2553
02626590	2554
02627532	2555
12045352	2556
13044541	2557
01644104	2558
08939201	2559
03818843	2560
02718084	2561
02640453	2562
02432291	2563
03018971	2564
01643896	2565
13025421	2566
02358091	2567
03867675	2568
03771443	2569
01271189	2570
00827379	2571
09370168	2572
08033194	2573
12073007	2574
09772029	2575
00252710	2576
08960987	2577
09456860	2578
02592607	2579
13042514	2580
13025197	2581
09053801	2582
14994328	2583
12984802	2584
12985010	2585
02433426	2586
02433546	2587
07983856	2588
03371363	2589
01549430	2590
13753430	2591
03352961	2592
04500060	2593
14877585	2594
13740765	2595
13740168	2596
05731568	2597
02436813	2598
07775375	2599
05014099	2600
00550242	2601
08916111	2602
02395244	2603
02395694	2604
13850019	2605
13717728	2606
02340930	2607
06961399	2608
02618244	2609
02618372	2610
07648267	2611
04197235	2612
13011856	2613
04425262	2614
02688623	2615
13618180	2616
02536864	2617
13167078	2618
07677593	2619
07675627	2620
02657368	2621
04425656	2622
01655577	2623
01453330	2624
02622408	2625
07229530	2626
00327031	2627
08254195	2628
00883847	2629
07703177	2630
07702796	2631
02398854	2632
02398463	2633
09078654	2634
08895928	2635
03528761	2636
09100837	2637
10300154	2638
07649854	2639
01476418	2640
08416328	2641
04648207	2642
00589309	2643
05367912	2644
01041968	2645
01028655	2646
12049134	2647
12049282	2648
13054560	2649
02533545	2650
02533209	2651
02583139	2652
02501275	2653
04020617	2654
09356639	2655
02907985	2656
13764213	2657
03886053	2658
04389033	2659
08042536	2660
00038687	2661
04002931	2662
03608356	2663
02375592	2664
06372095	2665
12076577	2666
10113362	2667
02344381	2668
02449060	2669
01127411	2670
09850974	2671
03293321	2672
00734927	2673
09083659	2674
01293167	2675
01653975	2676
03406597	2677
03214670	2678
04163530	2679
09476717	2680
09272085	2681
10802283	2682
02410313	2683
02410509	2684
10801561	2685
01644542	2686
13451804	2687
13461162	2688
02554066	2689
03399971	2690
00185103	2691
04482543	2692
08188235	2693
02503868	2694
00759944	2695
07784367	2696
02354621	2697
02433925	2698
00962634	2699
10607706	2700
09725402	2701
01292928	2702
02646508	2703
02646667	2704
03736372	2705
01682582	2706
02148109	2707
08567235	2708
02632694	2709
13074277	2710
02353861	2711
08119821	2712
09397391	2713
01678519	2714
03882611	2715
02423589	2716
02423022	2717
00857517	2718
09062320	2719
03971771	2720
04242704	2721
03200357	2722
01277755	2723
08587828	2724
08547300	2725
00071803	2726
09945319	2727
02343772	2728
02841315	2729
00493259	2730
02069701	2731
13359941	2732
13359690	2733
08083320	2734
10629647	2735
13040108	2736
09187407	2737
10025487	2738
10789118	2739
02563182	2740
02499434	2741
13049953	2742
07835051	2743
00457382	2744
13005166	2745
13005329	2746
13752679	2747
00504592	2748
00790703	2749
09102883	2750
02111684	2751
10371221	2752
02636666	2753
02636854	2754
01473990	2755
08941895	2756
08786432	2757
00823884	2758
00019131	2759
00604617	2760
02062991	2761
01554139	2762
01554448	2763
08851687	2764
08311933	2765
02630052	2766
09187923	2767
01172598	2768
01523823	2769
09068107	2770
04862236	2771
04862005	2772
02083863	2773
03295357	2774
03970363	2775
02555863	2776
09349192	2777
03854815	2778
04586932	2779
06071934	2780
03074855	2781
04585626	2782
09365730	2783
09215664	2784
02081423	2785
02081571	2786
08774073	2787
08936303	2788
02082632	2789
02082791	2790
09250165	2791
03464266	2792
02228901	2793
10117017	2794
02729965	2795
15147850	2796
02661017	2797
13039349	2798
15190084	2799
15199592	2800
03882058	2801
01082153	2802
01173826	2803
09228928	2804
00514128	2805
01151788	2806
06962600	2807
06961853	2808
01443831	2809
13429888	2810
07532276	2811
00161739	2812
10142537	2813
07567139	2814
15246853	2815
14777277	2816
01648494	2817
01443998	2818
01444164	2819
01874784	2820
01874928	2821
08933084	2822
01475953	2823
03190303	2824
04441282	2825
04429169	2826
02707683	2827
02637337	2828
14996020	2829
02595569	2830
10198437	2831
08912153	2832
03757925	2833
13076181	2834
08027920	2835
02076535	2836
02076779	2837
01942177	2838
01940736	2839
02408217	2840
02408429	2841
09088989	2842
07631672	2843
00468480	2844
10101634	2845
09916209	2846
08431721	2847
04413969	2848
01118614	2849
02362721	2850
13007770	2851
01291674	2852
15017121	2853
02333546	2854
02331046	2855
08765460	2856
02131653	2857
04351776	2858
01320513	2859
04186848	2860
02064154	2861
02065599	2862
06263369	2863
12996841	2864
02388276	2865
01901447	2866
02326198	2867
03461385	2868
09356781	2869
12076381	2870
13043516	2871
13044149	2872
02118058	2873
02594807	2874
08220891	2875
01552192	2876
02344528	2877
10408324	2878
14746048	2879
01299735	2880
02453611	2881
13069348	2882
14431169	2883
01634684	2884
01635343	2885
13039553	2886
14838217	2887
01476135	2888
02581289	2889
02581642	2890
04412901	2891
09472597	2892
09472413	2893
10550090	2894
02446352	2895
09068921	2896
02991302	2897
08081668	2898
00309115	2899
01278873	2900
02956500	2901
02461063	2902
01522716	2903
00954086	2904
03772077	2905
01644699	2906
09220046	2907
09264425	2908
07673397	2909
07668702	2910
09074834	2911
00800121	2912
09323470	2913
01890860	2914
04234969	2915
08874273	2916
01873144	2917
02416410	2918
00047172	2919
10299250	2920
02592397	2921
02959912	2922
02626265	2923
01177505	2924
03948041	2925
13003254	2926
02559383	2927
10069645	2928
09770949	2929
08555333	2930
02454119	2931
02455584	2932
07964809	2933
09051235	2934
03467517	2935
10151760	2936
02645304	2937
12965626	2938
02630739	2939
04010348	2940
02719750	2941
02593019	2942
02590495	2943
09757653	2944
09168707	2945
09468604	2946
01893666	2947
10039164	2948
09908273	2949
08785958	2950
14841267	2951
13022078	2952
07091902	2953
02460275	2954
02460451	2955
00508091	2956
01078050	2957
11239271	2958
02586543	2959
00297507	2960
09129324	2961
01883920	2962
04163740	2963
02461701	2964
06513953	2965
02328820	2966
09001373	2967
09841188	2968
05638778	2969
02432867	2970
07648549	2971
01197980	2972
12050766	2973
12050959	2974
04495051	2975
02656550	2976
02656670	2977
02958017	2978
03928814	2979
03569657	2980
02459001	2981
08168117	2982
04795545	2983
02066245	2984
08626522	2985
08992181	2986
01174555	2987
02082358	2988
02082498	2989
07649463	2990
13382766	2991
09058735	2992
09938672	2993
01696648	2994
09153710	2995
04955160	2996
13393762	2997
13387209	2998
02458356	2999
10198832	3000
08676349	3001
08563990	3002
02675458	3003
05010801	3004
15228378	3005
02454379	3006
08895497	3007
03158259	3008
03086183	3009
13026763	3010
13027049	3011
10083823	3012
02154416	3013
09086173	3014
02117772	3015
01117723	3016
02117369	3017
09255921	3018
03722288	3019
02612393	3020
02615494	3021
06529219	3022
00745499	3023
08773880	3024
08303275	3025
06351202	3026
08375369	3027
09028204	3028
09365443	3029
01449857	3030
01449980	3031
13232515	3032
08565006	3033
03223686	3034
10181990	3035
09025584	3036
03412906	3037
15078768	3038
02595902	3039
02596067	3040
14050871	3041
13516176	3042
03754822	3043
02015168	3044
02380980	3045
02124623	3046
09097871	3047
02909543	3048
02429456	3049
09065191	3050
12979630	3051
07479799	3052
13030438	3053
06217944	3054
01652583	3055
09110784	3056
02420675	3057
04298171	3058
02341475	3059
13226526	3060
13226698	3061
02397377	3062
02397529	3063
09229409	3064
13297850	3065
00976224	3066
09062791	3067
00367280	3068
00264034	3069
04302334	3070
09001007	3071
09122968	3072
02354162	3073
06094774	3074
09731906	3075
13622035	3076
03560161	3077
02663211	3078
01968315	3079
04300741	3080
07859583	3081
04518854	3082
08230294	3083
02065726	3084
09152570	3085
15165490	3086
08804154	3087
04716210	3088
12061104	3089
12048231	3090
09066017	3091
02606194	3092
13069535	3093
02134084	3094
00719705	3095
03001282	3096
00931453	3097
00116619	3098
00026385	3099
01477373	3100
01477525	3101
02549533	3102
08805386	3103
08789605	3104
02499178	3105
02074726	3106
00858742	3107
14647235	3108
09398533	3109
10412910	3110
10471250	3111
08113443	3112
06700325	3113
09226209	3114
10717921	3115
09879297	3116
02409202	3117
01283935	3118
00210259	3119
00552815	3120
02582919	3121
02583096	3122
03498316	3123
02784732	3124
09132778	3125
13003522	3126
09084075	3127
04173698	3128
01669906	3129
02604157	3130
09464335	3131
02437148	3132
08564139	3133
00369194	3134
01153305	3135
02910864	3136
09542697	3137
09540055	3138
15137890	3139
09538915	3140
09504135	3141
09978697	3142
01126846	3143
02546873	3144
02547014	3145
12077732	3146
12077944	3147
06778777	3148
05271383	3149
02646072	3150
02869249	3151
03915437	3152
09242514	3153
10713923	3154
05367735	3155
00575970	3156
14961512	3157
09028477	3158
09094381	3159
09627017	3160
02548522	3161
05411049	3162
03192142	3163
08879388	3164
08811215	3165
08810051	3166
03522239	3167
09418484	3168
08770718	3169
09956780	3170
09478047	3171
09052314	3172
09075329	3173
03072828	3174
10548537	3175
03770085	3176
09129062	3177
07703889	3178
07874780	3179
02556014	3180
06633896	3181
10008388	3182
03057021	3183
03863923	3184
05111835	3185
08036849	3186
02616572	3187
01541803	3188
15234764	3189
02117135	3190
03120029	3191
10437014	3192
00881998	3193
02117900	3194
03824014	3195
02938514	3196
00588797	3197
09224911	3198
00019128	3199
02393300	3200
08041840	3201
08602650	3202
10209731	3203
10695450	3204
12069821	3205
03319858	3206
02479896	3207
02480346	3208
12972818	3209
01644245	3210
09790278	3211
08775784	3212
08775597	3213
15169248	3214
06941644	3215
00646833	3216
03743577	3217
02654890	3218
08937995	3219
02538010	3220
02537085	3221
02508615	3222
07941945	3223
06863751	3224
12043444	3225
09454265	3226
00585810	3227
00748155	3228
14409718	3229
08472120	3230
01163083	3231
07027180	3232
07427337	3233
02415971	3234
02416104	3235
01319874	3236
13989627	3237
02633287	3238
02633422	3239
10162354	3240
00118268	3241
15155220	3242
15167027	3243
02408903	3244
09025189	3245
15146004	3246
03553908	3247
09123809	3248
03763133	3249
02896789	3250
02343487	3251
13166338	3252
02429123	3253
05525100	3254
13020623	3255
07515974	3256
14989820	3257
01269633	3258
01475421	3259
01475648	3260
02545153	3261
08111027	3262
02138921	3263
13252062	3264
02137428	3265
09683559	3266
09682291	3267
06884790	3268
07450343	3269
13752443	3270
09156889	3271
02176261	3272
02164464	3273
10621140	3274
08879680	3275
08619620	3276
08728462	3277
14705533	3278
00675901	3279
03233423	3280
05385363	3281
09219078	3282
08381636	3283
08322981	3284
09928451	3285
01443126	3286
06513764	3287
01479643	3288
02429276	3289
08339454	3290
02061846	3291
02442845	3292
12058822	3293
09306031	3294
02596252	3295
08111783	3296
01892876	3297
09268592	3298
02115335	3299
05345581	3300
02639087	3301
01631759	3302
01631903	3303
01660640	3304
02509515	3305
12062781	3306
08278324	3307
07776866	3308
14752952	3309
08034778	3310
02371125	3311
02450992	3312
04294879	3313
02459915	3314
12071965	3315
02481823	3316
02480153	3317
04460947	3318
01337653	3319
07679356	3320
03163222	3321
01874126	3322
01875717	3323
03439491	3324
02411427	3325
02415577	3326
09339512	3327
09717047	3328
01058049	3329
09062961	3330
02394477	3331
15236338	3332
02704949	3333
07863229	3334
01443537	3335
02443484	3336
09734885	3337
08121867	3338
09200874	3339
11545524	3340
01890274	3341
10648696	3342
01445027	3343
12044571	3344
02481629	3345
02482650	3346
09135447	3347
07695965	3348
01665081	3349
12970560	3350
13015040	3351
13015826	3352
02359324	3353
06769238	3354
02344785	3355
03479397	3356
13589321	3357
07151380	3358
06964901	3359
02945379	3360
09386422	3361
02456776	3362
08125722	3363
09351647	3364
02633555	3365
07784810	3366
14753414	3367
14960090	3368
08518505	3369
15155891	3370
02064338	3371
13001743	3372
07556872	3373
02448318	3374
02681795	3375
06621771	3376
07783210	3377
09128201	3378
09421604	3379
01474641	3380
06367373	3381
00212205	3382
02062430	3383
06971872	3384
10652954	3385
09887034	3386
08898457	3387
02118333	3388
03567325	3389
01885498	3390
02330830	3391
01289830	3392
03917455	3393
13549488	3394
02062017	3395
08764899	3396
03900509	3397
09368479	3398
05915584	3399
05913538	3400
10311661	3401
01440949	3402
01886045	3403
09131001	3404
00294190	3405
02617207	3406
13720096	3407
02138042	3408
01246095	3409
03867515	3410
09118505	3411
10306279	3412
10488309	3413
08114861	3414
03058603	3415
00051511	3416
07866571	3417
08175498	3418
02489589	3419
14050559	3420
04299699	3421
03909835	3422
02646377	3423
02331175	3424
02499990	3425
02609466	3426
02609617	3427
09692624	3428
04963588	3429
06882561	3430
10309785	3431
00510922	3432
02641379	3433
06518253	3434
10395605	3435
12063066	3436
08789243	3437
00416135	3438
04353410	3439
01450281	3440
02431785	3441
06361770	3442
02135726	3443
13013534	3444
02623868	3445
10476671	3446
10009484	3447
01042764	3448
01087178	3449
01766952	3450
02380009	3451
13608788	3452
02261888	3453
01177583	3454
03519981	3455
04466386	3456
03059366	3457
02934168	3458
03195118	3459
04080454	3460
02502514	3461
02607345	3462
09177883	3463
02443114	3464
12980478	3465
03677308	3466
02673637	3467
00959645	3468
02641215	3469
02424695	3470
10397001	3471
02069569	3472
02911332	3473
15138401	3474
00775286	3475
07712382	3476
09735258	3477
10272171	3478
04537602	3479
02431122	3480
13064678	3481
07635155	3482
04764741	3483
01630795	3484
02744323	3485
03585438	3486
13505987	3487
02535349	3488
02537319	3489
02638960	3490
05588174	3491
05249232	3492
12499439	3493
03048412	3494
02991463	3495
02654425	3496
02586865	3497
02587300	3498
01190840	3499
10141811	3500
03192347	3501
02716205	3502
02066450	3503
02066950	3504
08672738	3505
01928390	3506
02396667	3507
02396796	3508
12964750	3509
01058224	3510
02172888	3511
04363991	3512
09453566	3513
02483564	3514
02620578	3515
03757723	3516
09477718	3517
09124039	3518
12998130	3519
09479424	3520
02430929	3521
02923510	3522
02115775	3523
02115913	3524
02397251	3525
08812166	3526
01893535	3527
01884348	3528
08473787	3529
04221994	3530
04898087	3531
08714795	3532
08122009	3533
02414473	3534
00799537	3535
04338517	3536
04262161	3537
12966581	3538
10637038	3539
13046285	3540
02349040	3541
04026813	3542
00256961	3543
04438742	3544
06596978	3545
09064966	3546
14364306	3547
03718056	3548
01653610	3549
03300578	3550
07450549	3551
00040188	3552
01213614	3553
08303692	3554
09128947	3555
01476829	3556
01477184	3557
03299648	3558
02389559	3559
01301080	3560
02338319	3561
01245490	3562
09399592	3563
09058071	3564
01276436	3565
13042814	3566
09154731	3567
04441528	3568
09446115	3569
01889520	3570
02511824	3571
03216562	3572
03990474	3573
02116322	3574
09041199	3575
03739327	3576
02347865	3577
02348036	3578
02446888	3579
01273735	3580
01227691	3581
02508021	3582
10092299	3583
00981369	3584
00981180	3585
01844859	3586
08809596	3587
02112029	3588
05329735	3589
13062421	3590
13060190	3591
10643837	3592
00190682	3593
07751451	3594
09269972	3595
02121808	3596
00772813	3597
06529879	3598
09088396	3599
02325211	3600
06220819	3601
03821660	3602
02664823	3603
13028337	3604
02638835	3605
08911726	3606
03806381	3607
13719410	3608
09071571	3609
09434845	3610
04545471	3611
02505998	3612
00512843	3613
00854150	3614
04178329	3615
02359775	3616
09930876	3617
09940146	3618
02645823	3619
14575399	3620
12068824	3621
03869044	3622
13053187	3623
07521039	3624
13385913	3625
09063259	3626
02505646	3627
02505809	3628
02990561	3629
03198951	3630
02720725	3631
02368563	3632
03300907	3633
09748408	3634
03829563	3635
05915811	3636
01271915	3637
04087524	3638
08774546	3639
02530294	3640
02530421	3641
07710283	3642
13047216	3643
13024012	3644
02635013	3645
09400667	3646
03654576	3647
02364221	3648
10726233	3649
01876180	3650
09736633	3651
02465414	3652
06700030	3653
06697331	3654
08803883	3655
10118587	3656
02439568	3657
08563478	3658
04349701	3659
09481523	3660
08986066	3661
02631238	3662
01447001	3663
02523110	3664
02656426	3665
10500942	3666
01885856	3667
02347744	3668
01891638	3669
09425344	3670
03976268	3671
03339296	3672
13395897	3673
09146813	3674
09040601	3675
02368399	3676
02635911	3677
04594489	3678
01443398	3679
02633677	3680
02624377	3681
02624551	3682
09084483	3683
01585121	3684
01584225	3685
07631212	3686
07711080	3687
09358096	3688
02451415	3689
02071506	3690
02682424	3691
02445276	3692
08304895	3693
09064264	3694
02063516	3695
08338847	3696
06263609	3697
02139671	3698
02139199	3699
04407007	3700
09064861	3701
01282711	3702
08774912	3703
01656078	3704
02610834	3705
02611154	3706
08850450	3707
06340047	3708
06339416	3709
08727806	3710
05598707	3711
01905661	3712
02432511	3713
02549796	3714
02549989	3715
02541431	3716
02541875	3717
06455990	3718
15057744	3719
14727670	3720
09066799	3721
02362569	3722
02632239	3723
02632359	3724
03273551	3725
09169038	3726
08611063	3727
02399942	3728
01648356	3729
08771400	3730
03439348	3731
09108055	3732
01035199	3733
04334599	3734
04426618	3735
13312754	3736
02176073	3737
14061462	3738
03163081	3739
03069752	3740
12847749	3741
02480673	3742
01440655	3743
04053995	3744
02135486	3745
02346998	3746
02192383	3747
14894140	3748
09051726	3749
08879197	3750
02484813	3751
13041548	3752
03561889	3753
09048460	3754
01382818	3755
08043499	3756
12085117	3757
03813834	3758
01959482	3759
12063887	3760
00856847	3761
04508163	3762
01881717	3763
09124589	3764
09159546	3765
13041725	3766
08839092	3767
09085441	3768
13533470	3769
00267519	3770
09144851	3771
15187451	3772
08804487	3773
02996904	3774
01821634	3775
00266586	3776
08138686	3777
07888465	3778
07889510	3779
13071029	3780
00782241	3781
10519984	3782
02372251	3783
02372397	3784
01482330	3785
02605139	3786
02687821	3787
02610980	3788
12046620	3789
08727230	3790
03427296	3791
02353844	3792
02558980	3793
02453108	3794
15298507	3795
03888605	3796
12970379	3797
04747445	3798
02665282	3799
01549314	3800
08797254	3801
13018579	3802
02621419	3803
02629716	3804
09417668	3805
08731148	3806
09408977	3807
01778212	3808
03519578	3809
03435382	3810
10601526	3811
03554131	3812
03644378	3813
09077556	3814
06258228	3815
01629276	3816
02437825	3817
06512324	3818
01541579	3819
09173288	3820
13426238	3821
00247792	3822
02580991	3823
02114100	3824
01472638	3825
10612518	3826
13020011	3827
09373716	3828
02581957	3829
13023783	3830
10712573	3831
02202133	3832
08805801	3833
07236759	3834
04443918	3835
09420030	3836
07803545	3837
08877382	3838
10413276	3839
09111955	3840
12970872	3841
01128071	3842
02894605	3843
02602970	3844
09062015	3845
08729971	3846
03612378	3847
06321702	3848
04497962	3849
04071393	3850
02576575	3851
02331960	3852
13026529	3853
08726072	3854
09231890	3855
04347519	3856
10508475	3857
09294066	3858
09212572	3859
02573249	3860
06929742	3861
08772794	3862
03747281	3863
10613387	3864
02602059	3865
09221723	3866
09294413	3867
02592866	3868
02573563	3869
02573704	3870
06776783	3871
01455141	3872
03299788	3873
02461128	3874
13015229	3875
12986084	3876
01467180	3877
08808614	3878
01085677	3879
09683306	3880
03869222	3881
03222959	3882
03626014	3883
05411571	3884
13746946	3885
01634891	3886
08770013	3887
02612982	3888
01633578	3889
09498697	3890
00403149	3891
01194418	3892
01294127	3893
03670456	3894
13066631	3895
02825442	3896
04718563	3897
14283632	3898
05615147	3899
03472796	3900
02571486	3901
02571810	3902
01427695	3903
00713250	3904
00286957	3905
04604009	3906
04233124	3907
09384223	3908
09125016	3909
10792335	3910
07842753	3911
02523877	3912
02091574	3913
14489113	3914
14488594	3915
09824609	3916
02604811	3917
02604954	3918
02421308	3919
01274909	3920
02722997	3921
09441725	3922
02538216	3923
02536165	3924
02666943	3925
02521241	3926
12043248	3927
01652163	3928
13039870	3929
04229195	3930
01164874	3931
02485451	3932
08240169	3933
12079737	3934
09091398	3935
11536230	3936
04598010	3937
15169136	3938
08913085	3939
02552894	3940
02631594	3941
13070708	3942
02067100	3943
13471206	3944
14821984	3945
02836607	3946
08252602	3947
09100223	3948
11409059	3949
13046512	3950
02607862	3951
01483522	3952
08773098	3953
09154607	3954
08937594	3955
02770830	3956
06776679	3957
02533424	3958
07796468	3959
02432139	3960
12075495	3961
15158816	3962
02553028	3963
08639058	3964
02729837	3965
02509071	3966
09263087	3967
09378014	3968
08851364	3969
00159899	3970
01743531	3971
02341805	3972
02341974	3973
02625851	3974
02064000	3975
10356877	3976
13005568	3977
13006171	3978
02418341	3979
02449921	3980
01977701	3981
02428653	3982
10263684	3983
08937109	3984
10775379	3985
14814531	3986
08771277	3987
09370383	3988
15163797	3989
00902932	3990
09371816	3991
03224893	3992
07643026	3993
13561719	3994
15235126	3995
01167188	3996
08043169	3997
02363818	3998
02363996	3999
04335693	4000
06195698	4001
12926689	4002
12926480	4003
06429590	4004
06379094	4005
12964130	4006
09143017	4007
01398212	4008
09084196	4009
02650928	4010
08786660	4011
05284617	4012
02436514	4013
05043973	4014
03234164	4015
08898633	4016
02571983	4017
12079352	4018
13213768	4019
03826443	4020
03895585	4021
02468965	4022
08674970	4023
05598868	4024
02525703	4025
02758270	4026
01027662	4027
13028611	4028
08804845	4029
06964247	4030
02678070	4031
03638321	4032
09073938	4033
02658531	4034
00201058	4035
02471467	4036
08775179	4037
06268784	4038
01283185	4039
03612559	4040
02138323	4041
10051975	4042
01634011	4043
04241042	4044
08405124	4045
10270468	4046
02509694	4047
02509815	4048
01441625	4049
03257877	4050
02833140	4051
02089420	4052
15184170	4053
15183802	4054
02524081	4055
10366779	4056
09936620	4057
00127531	4058
03922722	4059
07634901	4060
02529111	4061
09038990	4062
12985236	4063
14807737	4064
06883725	4065
12082980	4066
01324799	4067
02078882	4068
09301249	4069
12980652	4070
03880323	4071
01342124	4072
02359915	4073
03685640	4074
06359877	4075
06349220	4076
02659667	4077
08214272	4078
04012852	4079
04443588	4080
02163183	4081
12083591	4082
01043231	4083
10149436	4084
09481285	4085
09682803	4086
05604434	4087
03911251	4088
02419515	4089
00710338	4090
03748456	4091
02722166	4092
10740219	4093
03594734	4094
10641223	4095
13210205	4096
04528256	4097
01315581	4098
03134015	4099
13296752	4100
03440024	4101
12927013	4102
04496173	4103
09242037	4104
07140348	4105
03457686	4106
02531503	4107
01891633	4108
09077111	4109
02119022	4110
09274739	4111
07860208	4112
07575510	4113
09134999	4114
02336129	4115
03692942	4116
09357847	4117
08725692	4118
08726582	4119
09419783	4120
02069271	4121
02598573	4122
09147964	4123
02546477	4124
06637677	4125
01178415	4126
02525543	4127
02653145	4128
02652668	4129
13450636	4130
00749232	4131
09980275	4132
03035089	4133
00276987	4134
08194546	4135
02805584	4136
06937531	4137
09051898	4138
02658944	4139
03670622	4140
01273491	4141
02661317	4142
02311260	4143
01284444	4144
02509197	4145
02431976	4146
09069752	4147
10479135	4148
00307314	4149
02921325	4150
09424118	4151
09320985	4152
02486138	4153
13030852	4154
02767956	4155
04603872	4156
13879126	4157
12982103	4158
12982723	4159
07886849	4160
08912279	4161
02480855	4162
08726463	4163
12052053	4164
05039106	4165
02333368	4166
07927197	4167
09708405	4168
13060689	4169
09077821	4170
09889691	4171
14516501	4172
03690005	4173
04585456	4174
02639786	4175
02399424	4176
09124399	4177
08898002	4178
02914991	4179
03048598	4180
09432549	4181
10448322	4182
14605132	4183
15212167	4184
15209706	4185
01628770	4186
09138538	4187
08479894	4188
02368280	4189
08900047	4190
02653786	4191
09143321	4192
09107098	4193
02130308	4194
09241247	4195
09959258	4196
02618513	4197
00204391	4198
02526486	4199
01446760	4200
09416076	4201
03443912	4202
09609561	4203
01457708	4204
01457852	4205
00596692	4206
09907196	4207
14662574	4208
09097707	4209
02592371	4210
12061849	4211
02648625	4212
02352804	4213
02424085	4214
02589486	4215
09195796	4216
03082127	4217
01200068	4218
09458791	4219
09117118	4220
09306257	4221
02073532	4222
09147737	4223
07803408	4224
14902141	4225
08604487	4226
07803992	4227
05614657	4228
01442335	4229
02574271	4230
01173813	4231
09086793	4232
02705651	4233
04174853	4234
09118817	4235
13875185	4236
02511510	4237
10208189	4238
02494538	4239
09131428	4240
13068073	4241
09709001	4242
02350537	4243
02637046	4244
07779747	4245
09716933	4246
13403331	4247
03203441	4248
03550533	4249
02338029	4250
02338145	4251
03462747	4252
00390735	4253
14536438	4254
01656576	4255
09143205	4256
15200314	4257
00411312	4258
03841666	4259
02071636	4260
13040303	4261
04169152	4262
08878016	4263
13933560	4264
14411243	4265
02601589	4266
02460684	4267
02506248	4268
01489734	4269
01876535	4270
00056912	4271
02546467	4272
06547832	4273
14599168	4274
04535524	4275
00208943	4276
02132136	4277
12974286	4278
12974457	4279
09419536	4280
09094581	4281
02577823	4282
02460009	4283
10595361	4284
03470222	4285
05768553	4286
02118242	4287
00009978	4288
01629093	4289
02515560	4290
02515713	4291
08811473	4292
13043926	4293
09063477	4294
09026360	4295
09168020	4296
03274561	4297
04470953	4298
08765315	4299
02363681	4300
04448826	4301
04284735	4302
02522247	4303
09237076	4304
02699343	4305
01634092	4306
02063846	4307
03285106	4308
01447331	4309
08046346	4310
01436518	4311
04006953	4312
09125354	4313
12059851	4314
04051068	4315
12978381	4316
02662239	4317
01109863	4318
12065777	4319
01468532	4320
01468712	4321
12059090	4322
08714966	4323
02480495	4324
03151500	4325
13208138	4326
05626618	4327
00858377	4328
07668902	4329
07653394	4330
09906986	4331
03584111	4332
08851830	4333
02447021	4334
03885028	4335
03648804	4336
00811171	4337
10657556	4338
10657835	4339
00964105	4340
13989863	4341
01064999	4342
02514198	4343
09228144	4344
13206178	4345
13319512	4346
13319032	4347
09062585	4348
02653497	4349
08787695	4350
02484975	4351
10345100	4352
13586122	4353
02407959	4354
03614532	4355
03627232	4356
08940209	4357
09169303	4358
09430771	4359
08728882	4360
05815890	4361
02419217	4362
15071684	4363
07968702	4364
02574910	4365
09125984	4366
08640739	4367
09391996	4368
08933437	4369
08800911	4370
04495450	4371
06883073	4372
07622261	4373
07789541	4374
03502509	4375
08348091	4376
09098721	4377
02499700	4378
09042322	4379
03441778	4380
02364989	4381
01885724	4382
10142747	4383
10143172	4384
13070308	4385
13979173	4386
13972797	4387
03804311	4388
08784905	4389
03341297	4390
06311334	4391
07956250	4392
00094312	4393
04069276	4394
02558350	4395
13881512	4396
08762243	4397
02372584	4398
13479034	4399
14409489	4400
02576223	4401
09128372	4402
03777126	4403
08140767	4404
14040660	4405
01550033	4406
02531114	4407
09079505	4408
13012030	4409
09482916	4410
02548990	4411
09693618	4412
08028148	4413
01552523	4414
01297095	4415
09169801	4416
12847927	4417
09708750	4418
04352070	4419
10705345	4420
02572196	4421
03199901	4422
02174311	4423
02450034	4424
10433737	4425
02604657	4426
07609840	4427
02504323	4428
00495808	4429
01549769	4430
01230850	4431
09064594	4432
08804319	4433
13398241	4434
01452954	4435
10055847	4436
02449340	4437
01467986	4438
01470287	4439
03157582	4440
12070177	4441
08851500	4442
09151114	4443
09107626	4444
02832818	4445
02337480	4446
07634751	4447
14604959	4448
07132634	4449
02523750	4450
09127014	4451
02574489	4452
02574651	4453
02071173	4454
02071294	4455
11532816	4456
09058841	4457
08456993	4458
00735571	4459
01107726	4460
03357081	4461
06631921	4462
02418064	4463
09879144	4464
00507673	4465
13801424	4466
13796779	4467
05274247	4468
02864593	4469
09326139	4470
09092352	4471
02653655	4472
10628222	4473
01549886	4474
02483224	4475
05343408	4476
02463611	4477
12974987	4478
08729094	4479
08728749	4480
10186774	4481
01294791	4482
03891851	4483
03650173	4484
01468238	4485
13751829	4486
12060380	4487
02725367	4488
08598823	4489
08579487	4490
02546744	4491
13067191	4492
10358575	4493
03890713	4494
01328702	4495
04715947	4496
10659188	4497
09158268	4498
03362293	4499
00858188	4500
02475821	4501
12064996	4502
01553879	4503
01070566	4504
08899351	4505
02585732	4506
03658373	4507
12976985	4508
02454999	4509
03000447	4510
02500472	4511
13773361	4512
01644900	4513
01298573	4514
02601767	4515
02514988	4516
09545324	4517
01293650	4518
09143786	4519
10785333	4520
08770274	4521
02435853	4522
03747746	4523
07294019	4524
09327077	4525
08790353	4526
00551714	4527
12070950	4528
08342039	4529
04353016	4530
02156063	4531
05534333	4532
02540255	4533
03774673	4534
02340521	4535
01141612	4536
10697135	4537
02507863	4538
01891865	4539
05414147	4540
08382056	4541
02888000	4542
13125117	4543
09701603	4544
04038109	4545
02544754	4546
03022978	4547
03074922	4548
15196746	4549
13497135	4550
03629857	4551
12063414	4552
09385586	4553
05951969	4554
03691459	4555
03061081	4556
07896994	4557
08040522	4558
02174461	4559
07543288	4560
06727758	4561
09086635	4562
12058429	4563
03640660	4564
08986374	4565
02610234	4566
03098140	4567
09143649	4568
10765305	4569
02140491	4570
12047586	4571
01272582	4572
09083390	4573
06606464	4574
14686913	4575
02606590	4576
04383537	4577
07454452	4578
13556377	4579
12975804	4580
07713895	4581
02449699	4582
04032242	4583
01303582	4584
02355477	4585
02664136	4586
01868780	4587
12052630	4588
01548301	4589
04073669	4590
02098550	4591
02653359	4592
02391782	4593
02548689	4594
02606384	4595
08697827	4596
08785132	4597
12055839	4598
01285305	4599
13052931	4600
04370048	4601
04879340	4602
03612134	4603
02652979	4604
02067462	4605
08396537	4606
04024862	4607
13486270	4608
09453008	4609
03976467	4610
01180975	4611
13006377	4612
01043820	4613
04424936	4614
09991530	4615
14928885	4616
14836468	4617
02447896	4618
09054480	4619
02617956	4620
02617402	4621
02564130	4622
02625132	4623
02721948	4624
02544960	4625
02078436	4626
02998209	4627
12073744	4628
08294696	4629
09110939	4630
13047385	4631
12060118	4632
06518068	4633
01263479	4634
03457793	4635
09277279	4636
03109350	4637
07886572	4638
02662688	4639
08569165	4640
13536016	4641
02066707	4642
13660178	4643
09145217	4644
08040762	4645
01654957	4646
02619165	4647
13025647	4648
02564403	4649
02578604	4650
08813807	4651
09000462	4652
08786283	4653
02658670	4654
04015204	4655
01648620	4656
09130883	4657
03504723	4658
09136582	4659
02544086	4660
02544274	4661
02081282	4662
02508742	4663
04390873	4664
10095061	4665
12072210	4666
00840630	4667
13065702	4668
01630533	4669
09332976	4670
08349548	4671
04240576	4672
03101796	4673
02391994	4674
02602405	4675
12077505	4676
02392282	4677
09135993	4678
01292534	4679
09234104	4680
02435099	4681
09286843	4682
08804962	4683
01553142	4684
07182485	4685
01278232	4686
02515410	4687
02468617	4688
02613960	4689
07866151	4690
01463520	4691
02354781	4692
01456296	4693
00795161	4694
02592244	4695
02984061	4696
04551205	4697
07464402	4698
00075283	4699
07236077	4700
03173142	4701
02069551	4702
02513742	4703
00694681	4704
00508340	4705
12082764	4706
15160579	4707
08136260	4708
02588286	4709
01295528	4710
06874688	4711
02615829	4712
08897843	4713
09142674	4714
08911602	4715
00209301	4716
02422561	4717
06843838	4718
06610436	4719
02880940	4720
10215623	4721
08221348	4722
06363778	4723
01279342	4724
01469222	4725
03937437	4726
00514658	4727
09648743	4728
00985921	4729
08049125	4730
08246613	4731
08096474	4732
09039260	4733
10324357	4734
08727945	4735
01457407	4736
09111168	4737
02477890	4738
02717901	4739
05987522	4740
01986185	4741
10268299	4742
03661861	4743
02608151	4744
12055073	4745
08025497	4746
03988170	4747
09351547	4748
01478300	4749
02585872	4750
02647660	4751
01300782	4752
14618834	4753
04314522	4754
12049796	4755
02110927	4756
04025748	4757
10508141	4758
02600657	4759
02600798	4760
02655694	4761
03022788	4762
10587227	4763
06496862	4764
00710155	4765
08046759	4766
03762809	4767
02425086	4768
15167906	4769
08776138	4770
02418648	4771
00499066	4772
09125528	4773
09133500	4774
02456505	4775
14904359	4776
15242955	4777
02078159	4778
08381820	4779
03953416	4780
09137682	4781
02393024	4782
08911868	4783
03997980	4784
04796490	4785
13027670	4786
03480186	4787
02673480	4788
09145083	4789
09156241	4790
12072419	4791
01295918	4792
06343971	4793
02694287	4794
09388121	4795
14301785	4796
13496771	4797
07786005	4798
02433205	4799
09150448	4800
13344071	4801
02899439	4802
03771066	4803
09125203	4804
00593219	4805
02336011	4806
03399047	4807
02648174	4808
02648313	4809
09053947	4810
02524202	4811
05010627	4812
04715487	4813
02135981	4814
01015996	4815
09025451	4816
09192973	4817
13000668	4818
13325382	4819
10244913	4820
03268142	4821
01144550	4822
07869937	4823
08725926	4824
08726305	4825
08029784	4826
02133902	4827
02362420	4828
08770518	4829
09067878	4830
08112096	4831
01450453	4832
09100394	4833
14911057	4834
12064183	4835
02409702	4836
02409870	4837
01242354	4838
04103491	4839
09146912	4840
05410646	4841
02870092	4842
12499163	4843
09144323	4844
01934427	4845
01408929	4846
08787466	4847
12078596	4848
03968581	4849
08810358	4850
04555101	4851
01288057	4852
01523656	4853
03671473	4854
07696527	4855
14521954	4856
09145851	4857
03370927	4858
07971023	4859
02602212	4860
09206693	4861
01177703	4862
07836456	4863
02589955	4864
01126335	4865
07889814	4866
02461830	4867
08912012	4868
02796995	4869
01455778	4870
14276936	4871
08944818	4872
02659808	4873
02854739	4874
13052670	4875
08615149	4876
09150662	4877
04601159	4878
06593296	4879
07569106	4880
02622955	4881
09228619	4882
07897200	4883
02334849	4884
03405595	4885
01218766	4886
08765069	4887
09151216	4888
00627437	4889
03880770	4890
09886807	4891
01466257	4892
08175700	4893
09462312	4894
09142887	4895
02529293	4896
03718581	4897
09087450	4898
09027679	4899
00356199	4900
05556595	4901
13210006	4902
12081022	4903
01137696	4904
05639651	4905
12085469	4906
08873269	4907
09072810	4908
03588668	4909
09027089	4910
02556195	4911
04541662	4912
02969323	4913
03614007	4914
02067941	4915
01275934	4916
10113997	4917
08504851	4918
12081488	4919
12077062	4920
15065280	4921
02495446	4922
13950812	4923
04019101	4924
02343187	4925
08801099	4926
08933621	4927
02347140	4928
06489190	4929
06792950	4930
13068434	4931
02590702	4932
04445154	4933
03693089	4934
09877443	4935
09306840	4936
09431569	4937
02790012	4938
12060546	4939
07569644	4940
08873412	4941
02630468	4942
08085535	4943
08553280	4944
01265740	4945
10026553	4946
02596592	4947
09096664	4948
09027292	4949
00306900	4950
13585429	4951
09048127	4952
03587874	4953
02989893	4954
09196103	4955
12045004	4956
03493079	4957
00824054	4958
02516427	4959
12085840	4960
01456631	4961
03662016	4962
08493493	4963
03136051	4964
04418644	4965
09364249	4966
09158501	4967
01275697	4968
02336451	4969
09085209	4970
01300508	4971
03753657	4972
00505871	4973
03354350	4974
02718259	4975
02635580	4976
14807558	4977
14686020	4978
10228592	4979
08789970	4980
03588046	4981
04487996	4982
01202374	4983
09136182	4984
04019335	4985
12086362	4986
01478073	4987
07672135	4988
07670731	4989
08214470	4990
09074140	4991
08804049	4992
09844770	4993
02457945	4994
02605316	4995
02535537	4996
02525012	4997
00914343	4998
09151516	4999
04306080	5000
01279120	5001
13391118	5002
09166756	5003
09131205	5004
02344006	5005
01915131	5006
03372656	5007
04446844	5008
03913437	5009
02068206	5010
02411075	5011
02664511	5012
08899776	5013
08764561	5014
02740533	5015
02613687	5016
08900204	5017
08812399	5018
01152973	5019
08784333	5020
09850642	5021
15187619	5022
02608708	5023
10678937	5024
12064814	5025
10131815	5026
03326948	5027
01477224	5028
02505342	5029
02801938	5030
01442855	5031
13777764	5032
05999266	5033
03913129	5034
04134339	5035
03433079	5036
03815278	5037
08725161	5038
08624656	5039
02496210	5040
05126228	5041
12047173	5042
04461148	5043
02653965	5044
09250678	5045
13245076	5046
13030157	5047
08971693	5048
08367100	5049
02072493	5050
02369012	5051
03265874	5052
12976672	5053
02134240	5054
07623664	5055
03186005	5056
07941729	5057
06481156	5058
04339638	5059
02873244	5060
09106770	5061
04448511	5062
10237676	5063
02082056	5064
09161452	5065
01274171	5066
02427958	5067
02620826	5068
09231361	5069
10102369	5070
09024972	5071
08728268	5072
02616251	5073
08586825	5074
10400618	5075
03441930	5076
07722217	5077
09405169	5078
08506496	5079
10806222	5080
02541139	5081
02648769	5082
08549480	5083
