06729864	0
02275365	1
01568630	2
01079604	3
03156405	4
03003730	5
01166351	6
01168468	7
10599806	8
01067816	9
03881534	10
03141065	11
03138344	12
03659292	13
00043902	14
01405044	15
09612131	16
00869596	17
02693319	18
08573472	19
03386011	20
02023992	21
09927089	22
10241300	23
07020895	24
10339966	25
02049190	26
01907258	27
00937208	28
10692696	29
01606205	30
03385557	31
03145843	32
03315805	33
02492362	34
00429048	35
07959016	36
02378183	37
05916306	38
00930806	39
00755447	40
00752764	41
01133281	42
02443049	43
10718131	44
01845229	45
02711114	46
03285912	47
00953216	48
07222823	49
01484392	50
00144850	51
00752493	52
01469770	53
13523661	54
03002351	55
02958343	56
14361664	57
14360459	58
01317723	59
10575787	60
01532589	61
02741960	62
00716531	63
00632236	64
10070711	65
02141973	66
01410223	67
00125629	68
02848523	69
04110955	70
01406684	71
09334396	72
07186148	73
09287968	74
06115701	75
04565375	76
02334867	77
00082870	78
02381726	79
13858604	80
13854649	81
07255401	82
07255174	83
06542047	84
02493666	85
01235463	86
01153947	87
00916706	88
04736757	89
08558488	90
10472799	91
02700867	92
03094503	93
13446197	94
00136800	95
01354006	96
14705718	97
02379198	98
00205079	99
02431320	100
01201429	101
01123887	102
00977301	103
08524735	104
08571139	105
01711445	106
00521562	107
00616153	108
10351625	109
00015806	110
00014742	111
00088532	112
14018567	113
00310666	114
10176679	115
04552696	116
03764276	117
04576971	118
03736970	119
08008017	120
01482449	121
01589224	122
13911872	123
02180797	124
01934554	125
03024746	126
01570562	127
13948136	128
13945919	129
00323856	130
07588947	131
02384858	132
01086103	133
13321495	134
13320168	135
01072262	136
01168569	137
02611373	138
01116585	139
06722186	140
00201407	141
05036394	142
00227165	143
00854904	144
09921409	145
02834778	146
03903424	147
03032811	148
01858910	149
10695450	150
09991530	151
09961999	152
07133701	153
01875295	154
01876028	155
09847727	156
02613275	157
06561942	158
06559365	159
00259177	160
00199912	161
04296562	162
02838014	163
08511241	164
09376198	165
09225146	166
01437254	167
00121166	168
05527216	169
05526175	170
15274441	171
00156276	172
07517550	173
01789270	174
01884577	175
09213828	176
01156115	177
00430140	178
01003729	179
01614079	180
14543231	181
14541044	182
02022486	183
02087156	184
10645611	185
10676877	186
00548326	187
02744977	188
07319652	189
07317764	190
09826204	191
05635188	192
05623628	193
02527085	194
15169873	195
15170504	196
02237338	197
06634095	198
04334599	199
04426618	200
07890068	201
07889510	202
01004072	203
02032415	204
01049685	205
02147603	206
10003283	207
09615465	208
01882814	209
00284409	210
02741149	211
04953954	212
01119421	213
01209135	214
00047945	215
10033082	216
02463990	217
10564800	218
06277280	219
06278136	220
02208537	221
10700201	222
06732350	223
06729499	224
10634075	225
10118844	226
00044149	227
00044797	228
05046471	229
05046009	230
10760340	231
02461314	232
03420559	233
01087197	234
07695965	235
07712382	236
01166258	237
00161987	238
02191766	239
00243918	240
01264283	241
03058107	242
08890097	243
08954057	244
02902250	245
03264136	246
01958615	247
00450335	248
10285135	249
09807754	250
05674584	251
05669934	252
02076999	253
00116687	254
02886599	255
04341414	256
00282076	257
00274707	258
02361600	259
00044353	260
14482620	261
00804802	262
07181546	263
01484982	264
14890659	265
02846322	266
07560903	267
09605289	268
05219561	269
07578363	270
01181295	271
06277803	272
01671039	273
03624966	274
02136271	275
02009280	276
02473688	277
03210940	278
01688771	279
14464203	280
00263044	281
00958823	282
01021579	283
05715864	284
00350380	285
02033805	286
00222248	287
00219012	288
01097031	289
05640184	290
15277730	291
15286249	292
02421374	293
13996061	294
01039330	295
10597505	296
02673134	297
01602318	298
00395797	299
00073343	300
01719302	301
01719921	302
00884466	303
00889472	304
02159955	305
01767661	306
02409941	307
02409412	308
13898315	309
02371718	310
00968211	311
06254007	312
00897026	313
06892775	314
14738752	315
00458471	316
07396658	317
02185373	318
04384016	319
04530283	320
02291708	321
13333237	322
00115500	323
01452918	324
15287830	325
15269513	326
05960464	327
00963283	328
01036319	329
14543931	330
01414288	331
07410021	332
02035425	333
01269008	334
00604930	335
10680153	336
06711855	337
00824767	338
06892016	339
04463273	340
03234306	341
00636461	342
00786816	343
04437953	344
04436675	345
10345015	346
10142747	347
08612049	348
02043982	349
02235229	350
00213052	351
02363128	352
03497657	353
02273293	354
00085219	355
07196075	356
07193958	357
01989053	358
07361416	359
02045790	360
00342028	361
01950502	362
02792552	363
01451842	364
01941093	365
00614057	366
07534108	367
02534492	368
10674130	369
14597158	370
01540449	371
01477538	372
02851099	373
02765464	374
00006336	375
04183329	376
00074790	377
00013172	378
09758885	379
09770949	380
02001858	381
02000868	382
09769345	383
00990655	384
01952750	385
08616311	386
13935227	387
00796588	388
08675967	389
08574314	390
01059719	391
02338386	392
13354985	393
06516595	394
02586619	395
10140314	396
07375635	397
02014165	398
02542280	399
04641153	400
14012667	401
02725067	402
03451473	403
00295697	404
05696020	405
05695806	406
05088324	407
02060141	408
10162507	409
01454810	410
00467717	411
13373214	412
00753685	413
02577586	414
00043683	415
00046534	416
01849221	417
01970348	418
00037919	419
00427853	420
01951480	421
08523483	422
05826291	423
00667224	424
07339098	425
01864865	426
15159819	427
00734927	428
00861560	429
01266491	430
04993413	431
14589223	432
10479561	433
02268351	434
02339413	435
03730153	436
00834009	437
10322391	438
00718573	439
00712225	440
00658052	441
01009871	442
02218635	443
13358549	444
00329831	445
02994858	446
02038357	447
01909397	448
05822612	449
05821775	450
01457954	451
13534954	452
06855207	453
01531265	454
02919414	455
10193026	456
01144657	457
06884790	458
06883073	459
00993014	460
10801291	461
02087551	462
02003601	463
14409718	464
14409489	465
02992070	466
05125377	467
14442530	468
02646931	469
00926668	470
01459896	471
07896994	472
07891726	473
01189427	474
01196037	475
10338707	476
10231087	477
02007417	478
00236581	479
10467179	480
10164747	481
00051511	482
10692482	483
01195299	484
14427065	485
09917593	486
00964105	487
00962129	488
01643464	489
07003119	490
00953058	491
04995531	492
00133417	493
00462092	494
10037385	495
01190277	496
09942970	497
10317007	498
08220714	499
08077292	500
01073995	501
02451912	502
11450869	503
11499284	504
01945516	505
01944692	506
00174379	507
01918984	508
00467719	509
00464651	510
04097866	511
00052043	512
14420464	513
01220885	514
00808182	515
00235368	516
00350461	517
06410904	518
06345131	519
09993252	520
02011685	521
00708017	522
00434374	523
07205573	524
07204401	525
00552619	526
02743727	527
05084201	528
05083328	529
01094086	530
00841986	531
13555775	532
10720097	533
00908133	534
01002740	535
02124332	536
05713737	537
00036178	538
00035758	539
02400760	540
01196802	541
05245192	542
05244934	543
01054186	544
07118747	545
02033295	546
08681222	547
04650201	548
01264336	549
00219575	550
00358431	551
00663160	552
09761403	553
00622584	554
00620752	555
01003049	556
03708036	557
07387509	558
02172888	559
01675963	560
00262249	561
00973056	562
06255354	563
10763383	564
03916470	565
03916031	566
00780148	567
01104624	568
02296984	569
06791372	570
02124748	571
00882961	572
02738701	573
05072663	574
01505254	575
04019696	576
03859958	577
14854581	578
06216160	579
06212839	580
13827426	581
05074774	582
00427397	583
00230172	584
01935476	585
00451370	586
02137132	587
01637633	588
09993901	589
01085474	590
04181228	591
02430580	592
00385501	593
00830257	594
00047745	595
01988080	596
13910384	597
00956405	598
00839834	599
01010334	600
05018103	601
00291873	602
04027023	603
04372370	604
02419773	605
00525453	606
01101391	607
03791235	608
01679433	609
01364184	610
05524615	611
05524430	612
01190012	613
07561112	614
08894456	615
03130073	616
02146790	617
01048912	618
04594489	619
02354536	620
14708720	621
14940386	622
00490968	623
04438304	624
07006119	625
03005423	626
05800611	627
00788564	628
07488340	629
07487955	630
14013005	631
02340360	632
00236592	633
01146039	634
05018934	635
00173764	636
04098513	637
04359589	638
01138911	639
01356750	640
04935528	641
02766687	642
07412310	643
08477634	644
14425715	645
00058743	646
02074677	647
10298912	648
00589769	649
03640660	650
03899328	651
13720600	652
13716084	653
04229195	654
03900509	655
07066659	656
08620763	657
08620061	658
01134479	659
02438861	660
05058580	661
05044528	662
03257586	663
02727825	664
06428976	665
06428792	666
01016002	667
01016778	668
00371264	669
11466043	670
13344804	671
13344071	672
00276883	673
08456993	674
08873622	675
08874273	676
06520944	677
10535706	678
09772029	679
01229631	680
14526182	681
05800998	682
02458747	683
01155421	684
00664788	685
05938795	686
05925366	687
10054657	688
00535452	689
00536655	690
04904851	691
04904664	692
10404998	693
01332205	694
13740765	695
13740168	696
00504019	697
00842281	698
00922867	699
05816790	700
02402825	701
02404224	702
00785008	703
07196682	704
01156899	705
08654360	706
08491826	707
13450636	708
02672859	709
03471779	710
00271520	711
00601822	712
00180770	713
02460619	714
03432129	715
10055566	716
05985999	717
03520811	718
01763813	719
00796047	720
04494204	721
02714315	722
00669762	723
02109045	724
01166926	725
01940403	726
00302394	727
00749991	728
02537812	729
10583387	730
08374049	731
03626115	732
01930482	733
01930117	734
00406365	735
00404403	736
00306426	737
01846916	738
00187526	739
06473381	740
13761966	741
01376245	742
00156101	743
05167237	744
01010458	745
02406585	746
01986367	747
01986538	748
03817647	749
01283208	750
06539770	751
01027508	752
06210363	753
00670991	754
05695232	755
02577877	756
00788184	757
00897746	758
00988287	759
07290278	760
03963294	761
01738347	762
11675842	763
13087625	764
00052672	765
14702416	766
06777687	767
06776138	768
02194138	769
00235110	770
00318326	771
02158587	772
03792334	773
01660640	774
10070563	775
02148788	776
08652970	777
08497294	778
04495843	779
01454431	780
00505802	781
06716234	782
00849080	783
03814906	784
03908831	785
00962634	786
07254594	787
00562935	788
00562280	789
03137579	790
00793580	791
14578104	792
00295701	793
01845720	794
03132438	795
01286290	796
00388635	797
14445226	798
13342692	799
07710616	800
07711471	801
03328201	802
03391770	803
00809654	804
00741685	805
00807461	806
00807178	807
02421921	808
02099829	809
02984104	810
10468559	811
08286163	812
08282696	813
02463704	814
00741478	815
10562749	816
02167571	817
03211117	818
04054795	819
13248393	820
02208903	821
01026095	822
05763412	823
07254267	824
02367032	825
00407848	826
00815801	827
00815320	828
09810364	829
13411157	830
00697062	831
01921772	832
01923909	833
13752679	834
13745420	835
00590626	836
09941571	837
02091885	838
07383823	839
02718015	840
13291189	841
03508101	842
02333358	843
01098452	844
01263711	845
04692908	846
00336539	847
02964634	848
02701210	849
02070466	850
09448361	851
01487008	852
05710210	853
01744111	854
09977660	855
02480923	856
02807731	857
02808440	858
00133338	859
01238640	860
05197797	861
05196582	862
02192992	863
05715283	864
01263257	865
06629858	866
06629392	867
13876371	868
02738544	869
00877327	870
05797597	871
00745499	872
06529219	873
07009421	874
00902289	875
00436404	876
00195569	877
14441825	878
01843364	879
01843055	880
00386392	881
00524530	882
10381369	883
00480969	884
09307300	885
01385920	886
00506658	887
01155687	888
00858849	889
00015303	890
02089984	891
02381397	892
02383842	893
00746479	894
07330007	895
01173038	896
00349369	897
01406512	898
00129089	899
13423922	900
01539063	901
04939324	902
05750163	903
05749619	904
02155493	905
05820620	906
01631072	907
00269963	908
07621618	909
03169390	910
02437465	911
00711932	912
00542809	913
01664172	914
01053920	915
02637202	916
01165290	917
00273445	918
04490091	919
04105438	920
10641223	921
00143204	922
13875970	923
07411645	924
02159890	925
02575082	926
00754767	927
05238282	928
01309478	929
02018524	930
10213652	931
02636516	932
02717102	933
00075618	934
02527651	935
01052248	936
05714466	937
06523132	938
02543181	939
00797430	940
02125409	941
02648639	942
01755504	943
00276068	944
07847198	945
01418037	946
08276720	947
02792903	948
13934900	949
07557434	950
07809096	951
00357275	952
01592456	953
02544348	954
10119200	955
10684630	956
00605783	957
00212808	958
05186306	959
07120524	960
07109847	961
01522052	962
10781984	963
05798569	964
02520997	965
05070032	966
05064037	967
02839200	968
02653159	969
01356370	970
01296462	971
13905792	972
01278427	973
00212049	974
06753800	975
04137444	976
02530003	977
02528380	978
04782116	979
04779649	980
03619650	981
02341200	982
00231567	983
02544191	984
10532576	985
00018158	986
00089027	987
02272549	988
02806261	989
00665886	990
00330160	991
02055649	992
02084071	993
01317541	994
00858188	995
07240549	996
00594146	997
00900726	998
02019716	999
02016523	1000
00146572	1001
02032634	1002
10330189	1003
02269894	1004
02226172	1005
02694933	1006
08622950	1007
02999410	1008
03664943	1009
02576921	1010
10089615	1011
10009276	1012
10448983	1013
01511706	1014
04011827	1015
00780575	1016
00779374	1017
14739360	1018
14607521	1019
02493260	1020
10536897	1021
02763740	1022
11428023	1023
10618848	1024
00298041	1025
09780828	1026
02441022	1027
00973728	1028
01252601	1029
04694441	1030
03137228	1031
02594102	1032
14483917	1033
00164152	1034
02396205	1035
01532434	1036
01533442	1037
02484208	1038
00220522	1039
06891022	1040
10272171	1041
09886010	1042
00990249	1043
07242912	1044
00262743	1045
00159899	1046
00880227	1047
02194286	1048
00882702	1049
00949093	1050
00948853	1051
00753428	1052
06513366	1053
01217043	1054
00458754	1055
00963241	1056
06891493	1057
00774344	1058
01176431	1059
02654686	1060
02654416	1061
10593745	1062
00648224	1063
00618267	1064
00618451	1065
01353405	1066
01017738	1067
02274253	1068
04735929	1069
02932019	1070
03079741	1071
05525252	1072
05513302	1073
01985524	1074
13905572	1075
02357228	1076
10044470	1077
01849746	1078
01264050	1079
00877083	1080
07570720	1081
13480848	1082
02356420	1083
06256229	1084
06255777	1085
00854420	1086
09349648	1087
13867641	1088
00386676	1089
00736216	1090
02708711	1091
05079638	1092
01233347	1093
02405252	1094
02401809	1095
00456596	1096
14204950	1097
10011074	1098
02985137	1099
04152593	1100
00446885	1101
06084469	1102
06999233	1103
06998748	1104
01965156	1105
05086740	1106
14405931	1107
01785748	1108
01239619	1109
07338681	1110
01592774	1111
05016171	1112
04592741	1113
04087126	1114
11473954	1115
09433442	1116
01840238	1117
10155849	1118
09974648	1119
02579447	1120
04850996	1121
02575723	1122
10463714	1123
01912159	1124
01079480	1125
15256915	1126
04821451	1127
04820258	1128
15272029	1129
01859586	1130
07221756	1131
14854262	1132
14853947	1133
09975425	1134
01658762	1135
00262596	1136
06558088	1137
06539502	1138
00753881	1139
00792471	1140
01169194	1141
00083809	1142
02370806	1143
02462828	1144
07397761	1145
07371293	1146
01014821	1147
10786270	1148
03171356	1149
02913152	1150
03509025	1151
10769459	1152
01158181	1153
01222884	1154
00797299	1155
00798717	1156
00757544	1157
01564144	1158
00217014	1159
00868591	1160
01969216	1161
07445480	1162
13887509	1163
02044866	1164
05725527	1165
05725378	1166
13254805	1167
13331198	1168
13366311	1169
01184625	1170
03546340	1171
02459173	1172
00946755	1173
06481320	1174
01497736	1175
02164402	1176
10248876	1177
00031820	1178
01432601	1179
09897696	1180
09702134	1181
09701148	1182
01592072	1183
00335988	1184
15143276	1185
02109818	1186
01025913	1187
04660261	1188
00208797	1189
03419014	1190
03814112	1191
02110552	1192
10224098	1193
06778102	1194
13720096	1195
01739814	1196
01742726	1197
00384802	1198
02190166	1199
10380672	1200
06170498	1201
01076488	1202
00908099	1203
09779790	1204
07009538	1205
07007945	1206
13998781	1207
01301410	1208
02525312	1209
00189565	1210
10018021	1211
01689752	1212
06177033	1213
06094774	1214
00464894	1215
02311387	1216
10032342	1217
00208943	1218
10491309	1219
01745722	1220
05008943	1221
01484987	1222
01352067	1223
04837931	1224
02395115	1225
05658226	1226
06615561	1227
14940100	1228
00444309	1229
02672540	1230
08612786	1231
08512259	1232
01542207	1233
00329619	1234
00009631	1235
01891817	1236
06781383	1237
06780882	1238
02587084	1239
06663940	1240
02194495	1241
04865722	1242
00600370	1243
02887741	1244
01428853	1245
15152817	1246
15153472	1247
02813315	1248
06397307	1249
06392001	1250
02156546	1251
02829696	1252
00362128	1253
04248607	1254
01003249	1255
13960464	1256
06841365	1257
00190023	1258
06767922	1259
00850192	1260
04460947	1261
04082886	1262
03820950	1263
01756719	1264
07009946	1265
02449340	1266
04211528	1267
02717701	1268
07859583	1269
07858595	1270
04134339	1271
03964744	1272
01985757	1273
07441619	1274
01866610	1275
13998576	1276
01328705	1277
00379422	1278
00605310	1279
10118382	1280
00060201	1281
06312966	1282
06174404	1283
05728678	1284
00709625	1285
01224744	1286
00409211	1287
01087178	1288
01086945	1289
10191943	1290
08000304	1291
07999699	1292
14586258	1293
05896733	1294
02117649	1295
02767760	1296
00515154	1297
08065937	1298
02903204	1299
01501184	1300
00459296	1301
00555648	1302
00956250	1303
05817845	1304
06589574	1305
03648066	1306
04602044	1307
02222318	1308
00091234	1309
03287733	1310
03431745	1311
01856626	1312
01123095	1313
08499840	1314
00572489	1315
01512259	1316
02742842	1317
00255710	1318
03450516	1319
01886407	1320
02094755	1321
15255804	1322
15256022	1323
14061805	1324
02541302	1325
00348008	1326
01924882	1327
01963942	1328
00193486	1329
05870180	1330
00998399	1331
04391838	1332
00582868	1333
01077350	1334
00903559	1335
00900375	1336
01042725	1337
02761834	1338
00367976	1339
02082690	1340
01073822	1341
15010703	1342
00293141	1343
04683814	1344
01076793	1345
02531422	1346
00325110	1347
00324384	1348
01781983	1349
01780941	1350
14371161	1351
10117267	1352
03714721	1353
00452512	1354
06843520	1355
02098458	1356
02035919	1357
09444100	1358
09239740	1359
05240211	1360
03530910	1361
01337224	1362
01227137	1363
02635189	1364
05780885	1365
02240881	1366
03876519	1367
01684899	1368
02755352	1369
01290422	1370
07436352	1371
00459498	1372
03471030	1373
01516290	1374
00850501	1375
00425905	1376
13754293	1377
00156601	1378
02672371	1379
03679384	1380
00510364	1381
04682462	1382
05850823	1383
03536568	1384
01161635	1385
14562324	1386
09960688	1387
10197967	1388
09626031	1389
00513401	1390
00512843	1391
00140967	1392
07358060	1393
00321148	1394
00320681	1395
01170052	1396
07885223	1397
01412548	1398
01398919	1399
01431230	1400
10237196	1401
10340312	1402
01800422	1403
01799794	1404
00802238	1405
02545578	1406
09873604	1407
10498551	1408
01887020	1409
00659535	1410
05514905	1411
02067889	1412
07407272	1413
04879658	1414
07254836	1415
03259505	1416
03319745	1417
07181935	1418
00775156	1419
06387980	1420
06399995	1421
01466978	1422
01580928	1423
05246511	1424
13405962	1425
00135285	1426
06880664	1427
04393095	1428
00999270	1429
01124794	1430
03616428	1431
06695579	1432
10011902	1433
10541229	1434
10022759	1435
00796392	1436
00786458	1437
00669970	1438
01917980	1439
00284101	1440
00843468	1441
07234230	1442
01115585	1443
10679998	1444
03473465	1445
03473227	1446
08617963	1447
02021376	1448
09889691	1449
00960851	1450
01115916	1451
00650016	1452
10012815	1453
02196214	1454
05717342	1455
00154433	1456
05521111	1457
05512670	1458
00784388	1459
09858299	1460
10242791	1461
10083823	1462
10450303	1463
09626238	1464
00889831	1465
02515080	1466
02066304	1467
02064887	1468
04695176	1469
00281101	1470
09906986	1471
03813834	1472
04213626	1473
14821043	1474
14580897	1475
01031256	1476
06796119	1477
02876088	1478
01903756	1479
04111190	1480
04100174	1481
03548626	1482
00501479	1483
00499066	1484
02417504	1485
04605726	1486
01580467	1487
03731164	1488
03872495	1489
01186428	1490
10345100	1491
05058140	1492
02055975	1493
08647616	1494
02701962	1495
00455599	1496
10176111	1497
01920932	1498
09700964	1499
09686536	1500
02534761	1501
07188685	1502
02519148	1503
02517442	1504
00167824	1505
00828559	1506
01230283	1507
01097960	1508
01058870	1509
07696527	1510
02534936	1511
00754280	1512
02288656	1513
09048460	1514
08121867	1515
08119821	1516
01118081	1517
05731779	1518
02025009	1519
00442669	1520
13451508	1521
00918580	1522
07384898	1523
05924920	1524
00801782	1525
00800930	1526
00299217	1527
11447851	1528
01902783	1529
01711965	1530
01000214	1531
15258450	1532
03574816	1533
06404582	1534
00996485	1535
02701445	1536
02732798	1537
07132415	1538
00978549	1539
08143486	1540
01821634	1541
01809064	1542
01129201	1543
02687916	1544
05774614	1545
00944924	1546
01083645	1547
02469085	1548
06888345	1549
02742322	1550
02671421	1551
05748054	1552
02193765	1553
07406765	1554
07405893	1555
07167415	1556
13903387	1557
13903079	1558
09937688	1559
02123672	1560
02531625	1561
00794367	1562
08285896	1563
08278324	1564
00597634	1565
10280130	1566
02087745	1567
00571609	1568
01137138	1569
10593115	1570
02037090	1571
06713930	1572
00756780	1573
00012267	1574
02355596	1575
06508816	1576
00869931	1577
00535844	1578
03173524	1579
00043480	1580
01979462	1581
00058337	1582
08895771	1583
08633957	1584
00842692	1585
03408054	1586
01179865	1587
00838367	1588
03316406	1589
04203514	1590
15137047	1591
15163005	1592
05011790	1593
00735389	1594
01510173	1595
14416845	1596
00357680	1597
00366547	1598
09606009	1599
02373336	1600
00522537	1601
02027030	1602
01803003	1603
00425278	1604
09960545	1605
13885370	1606
00407146	1607
00406243	1608
01123765	1609
10605848	1610
01913849	1611
00233335	1612
00053097	1613
10612931	1614
13582013	1615
00948071	1616
03315644	1617
04014297	1618
08568978	1619
08630039	1620
09851876	1621
14292090	1622
00107739	1623
10426749	1624
01745536	1625
07002992	1626
03800933	1627
04446521	1628
03969259	1629
01103614	1630
00899292	1631
00624553	1632
00621627	1633
00468236	1634
01158690	1635
00122954	1636
00306102	1637
00509958	1638
03051540	1639
03128583	1640
00053609	1641
00042757	1642
00072012	1643
14855724	1644
00469651	1645
00468480	1646
00965871	1647
09795334	1648
14408086	1649
10362428	1650
10768903	1651
01535246	1652
00203649	1653
07944050	1654
07943480	1655
00314272	1656
02676496	1657
01884383	1658
01888264	1659
09867154	1660
09620078	1661
03763727	1662
01926311	1663
07460104	1664
10544748	1665
14580090	1666
04795545	1667
00485711	1668
05133535	1669
05133287	1670
14513259	1671
01881957	1672
01914947	1673
03763403	1674
14377617	1675
04127904	1676
00369138	1677
14452616	1678
14451911	1679
07184391	1680
07183151	1681
07809368	1682
00620554	1683
01159776	1684
00640828	1685
00048129	1686
05712076	1687
01896031	1688
02468617	1689
01648126	1690
07163988	1691
00927430	1692
01566705	1693
07410207	1694
10314952	1695
01613463	1696
01179707	1697
03337140	1698
01001643	1699
11418138	1700
14840092	1701
02019021	1702
04991511	1703
13282550	1704
02519991	1705
01987160	1706
00383952	1707
01066163	1708
07541053	1709
01811441	1710
02764765	1711
05950733	1712
01606736	1713
00140393	1714
02590340	1715
04073669	1716
00752335	1717
10371741	1718
01215694	1719
03024882	1720
01928608	1721
00811375	1722
01793177	1723
00908672	1724
00251013	1725
00180837	1726
14691822	1727
09869171	1728
01112584	1729
01001857	1730
13412321	1731
13996300	1732
02496816	1733
07174433	1734
05726596	1735
02235666	1736
02537407	1737
05513807	1738
05509146	1739
00420132	1740
00148057	1741
14498096	1742
00286605	1743
09704630	1744
14429608	1745
14429985	1746
01468576	1747
00206927	1748
03848729	1749
01252425	1750
01534147	1751
03581125	1752
03605722	1753
03990474	1754
03101986	1755
04435870	1756
07365024	1757
08553535	1758
08552138	1759
00935940	1760
10029269	1761
00597385	1762
02560548	1763
00930599	1764
00943837	1765
10334567	1766
09929298	1767
13617952	1768
01661804	1769
07335097	1770
06730780	1771
02347220	1772
02463205	1773
00512522	1774
01037910	1775
00125436	1776
01247804	1777
01721754	1778
01721556	1779
07800091	1780
07334490	1781
00470701	1782
14436438	1783
01279978	1784
02714974	1785
08184217	1786
02072159	1787
02069888	1788
01223833	1789
13877918	1790
07351031	1791
01350971	1792
09843602	1793
00035603	1794
00945853	1795
00252710	1796
15147850	1797
04055030	1798
01673472	1799
01672014	1800
02517169	1801
04904996	1802
01791973	1803
06262567	1804
02513268	1805
02400037	1806
09893191	1807
03405725	1808
03405265	1809
13960117	1810
13959931	1811
07377473	1812
01275762	1813
13905405	1814
01983264	1815
00538876	1816
00537682	1817
00203753	1818
00203342	1819
02030424	1820
07332148	1821
03308152	1822
01449974	1823
02592111	1824
08227214	1825
02471327	1826
00050037	1827
01292727	1828
14842992	1829
00806049	1830
07176243	1831
03294048	1832
10533013	1833
09613191	1834
07308889	1835
02155799	1836
00862225	1837
10177014	1838
03842156	1839
08615374	1840
07472929	1841
01448100	1842
00946588	1843
00819508	1844
07216083	1845
01426397	1846
00846515	1847
04893358	1848
04892794	1849
01587077	1850
01801600	1851
00992331	1852
00619183	1853
00463246	1854
15274305	1855
00375625	1856
02161922	1857
01136614	1858
10152083	1859
01116380	1860
01531998	1861
04928416	1862
04924103	1863
06414727	1864
06414372	1865
05050379	1866
00666058	1867
10543795	1868
03046257	1869
02052675	1870
09754541	1871
00438178	1872
02087122	1873
01223182	1874
04935239	1875
05513529	1876
05515287	1877
00685683	1878
00076341	1879
01307609	1880
05068716	1881
05519085	1882
00114871	1883
00074038	1884
01268112	1885
00355955	1886
13467916	1887
10683349	1888
09820263	1889
02427916	1890
04553703	1891
10455619	1892
04051825	1893
01128071	1894
01070892	1895
01068773	1896
01117723	1897
14485064	1898
00318735	1899
06150633	1900
02217266	1901
00052334	1902
06686174	1903
00890590	1904
01619929	1905
01391280	1906
00463778	1907
01853069	1908
04021798	1909
00839778	1910
01201856	1911
05967773	1912
10084635	1913
01591158	1914
07302542	1915
01561143	1916
00878052	1917
06667792	1918
06667317	1919
08436562	1920
08308497	1921
09953965	1922
00444519	1923
05085572	1924
01742886	1925
09964411	1926
04988258	1927
04987620	1928
10007109	1929
10190516	1930
02259547	1931
00977336	1932
06746580	1933
01160729	1934
01161161	1935
02502536	1936
01398212	1937
14989820	1938
00597957	1939
10478960	1940
06876144	1941
06876309	1942
04596630	1943
04424218	1944
03244388	1945
02057656	1946
06715638	1947
06714976	1948
04194289	1949
01496978	1950
02190188	1951
04982207	1952
02814533	1953
02384686	1954
03364340	1955
01874568	1956
02043665	1957
07250339	1958
02767116	1959
07186828	1960
00733483	1961
00946105	1962
01011166	1963
00356790	1964
01387786	1965
02270165	1966
03093574	1967
07738353	1968
00324231	1969
00247792	1970
06696025	1971
04842515	1972
06490887	1973
10101634	1974
01488313	1975
10411163	1976
10529965	1977
00338559	1978
14455700	1979
00209546	1980
00795863	1981
00758333	1982
00226566	1983
05069199	1984
09759069	1985
08279298	1986
00795008	1987
02659763	1988
10034906	1989
10378412	1990
05155821	1991
02126382	1992
02125641	1993
05517406	1994
13459322	1995
13542947	1996
04638585	1997
01182293	1998
04384593	1999
03427296	2000
01843904	2001
01843689	2002
00552815	2003
11444643	2004
04825383	2005
04876053	2006
08559155	2007
08558963	2008
08578706	2009
04555897	2010
00990008	2011
14806838	2012
06651577	2013
10712835	2014
14704465	2015
02670683	2016
02317661	2017
01150467	2018
07412668	2019
09964805	2020
01747374	2021
07150138	2022
02329292	2023
14704966	2024
00280853	2025
01626420	2026
01522276	2027
03150232	2028
10076957	2029
01583656	2030
06004685	2031
06595351	2032
06263369	2033
00558630	2034
00557588	2035
02767956	2036
04161358	2037
01691057	2038
02396716	2039
00067990	2040
02558172	2041
00270005	2042
00368302	2043
05714894	2044
05006898	2045
05005250	2046
04119892	2047
09852081	2048
07397955	2049
14540564	2050
01323958	2051
02389220	2052
13939353	2053
10787470	2054
00285557	2055
02091689	2056
01510827	2057
07338114	2058
01242391	2059
10037080	2060
06613686	2061
02067689	2062
00329227	2063
02695895	2064
08677628	2065
00213353	2066
00212414	2067
02133435	2068
01145015	2069
02274482	2070
01679806	2071
04484160	2072
02641463	2073
00208497	2074
13464204	2075
02675701	2076
07226545	2077
00884011	2078
02514187	2079
06634960	2080
00196084	2081
00121678	2082
07795317	2083
07776866	2084
00492410	2085
10454972	2086
09884391	2087
02653996	2088
01055165	2089
00192613	2090
00519854	2091
04694809	2092
04945057	2093
01826723	2094
10468750	2095
00596807	2096
10184946	2097
01299758	2098
07331400	2099
00262792	2100
00065791	2101
10468962	2102
02440020	2103
02748927	2104
01270175	2105
00976508	2106
00618057	2107
00076563	2108
02643446	2109
00751567	2110
07168131	2111
08871007	2112
08879680	2113
10091012	2114
02451951	2115
01475282	2116
00264875	2117
13426238	2118
03233905	2119
03682487	2120
14064644	2121
01151110	2122
00815644	2123
03265479	2124
02875013	2125
08696931	2126
06960298	2127
06941644	2128
07143137	2129
10608385	2130
04209613	2131
02873839	2132
01654271	2133
10105085	2134
01061017	2135
00952182	2136
13907415	2137
01217780	2138
00928015	2139
01864634	2140
00337210	2141
04990220	2142
01452593	2143
03789946	2144
10115082	2145
02075049	2146
00818974	2147
07191777	2148
04463679	2149
01954559	2150
11511523	2151
02034300	2152
01589497	2153
00999245	2154
00345641	2155
00612652	2156
01764171	2157
07676425	2158
07675627	2159
00746718	2160
00619869	2161
02254258	2162
01021629	2163
01135529	2164
02539334	2165
02887209	2166
00343771	2167
01126360	2168
10214062	2169
09773245	2170
13860548	2171
00731789	2172
03003344	2173
02639606	2174
01097500	2175
10512201	2176
04689198	2177
00567291	2178
00233386	2179
10044879	2180
00200397	2181
02634808	2182
01134781	2183
00885217	2184
05689801	2185
02443609	2186
00597265	2187
10114550	2188
00747135	2189
07187773	2190
05959954	2191
03057075	2192
09273291	2193
01202728	2194
00797878	2195
00795720	2196
02543874	2197
06556692	2198
00791134	2199
00313806	2200
00313647	2201
02512305	2202
00065184	2203
01328513	2204
00812977	2205
00812526	2206
01186208	2207
07578093	2208
00511212	2209
07409121	2210
00338071	2211
00415044	2212
02353844	2213
01690294	2214
06678302	2215
10403876	2216
04468005	2217
02512808	2218
08657249	2219
10286539	2220
02464132	2221
01897667	2222
06427831	2223
00070965	2224
00617748	2225
10451858	2226
08567235	2227
01467370	2228
02174461	2229
07380144	2230
04713692	2231
02662979	2232
00454868	2233
07439570	2234
10221312	2235
00105554	2236
07331759	2237
00375021	2238
05014099	2239
07642471	2240
08512736	2241
06220819	2242
06220616	2243
01936048	2244
01266945	2245
01219993	2246
02545272	2247
05937112	2248
02723733	2249
01080691	2250
00556313	2251
01686956	2252
05766984	2253
00657550	2254
07335243	2255
02944826	2256
10062996	2257
00804139	2258
07175575	2259
00083124	2260
02785648	2261
04863074	2262
04861486	2263
00218753	2264
01656458	2265
07678729	2266
07882497	2267
02202928	2268
09984298	2269
08679972	2270
10034201	2271
01171183	2272
04989657	2273
02185664	2274
07379223	2275
02523521	2276
02523784	2277
02131279	2278
03458552	2279
03274796	2280
06730563	2281
07577657	2282
07573696	2283
01076046	2284
01859221	2285
13403643	2286
13962498	2287
02523275	2288
00218208	2289
00311338	2290
09884133	2291
01322854	2292
00436668	2293
14575180	2294
02314275	2295
01150200	2296
01424456	2297
00417397	2298
01904293	2299
01918183	2300
10553235	2301
01484714	2302
01180351	2303
00779248	2304
05060783	2305
00439343	2306
01062555	2307
04894964	2308
00402535	2309
03542860	2310
02821627	2311
15280497	2312
00490722	2313
04682018	2314
01695567	2315
09969491	2316
04182890	2317
02519494	2318
05079866	2319
07458453	2320
09961739	2321
00793037	2322
01283746	2323
00695523	2324
02706816	2325
00928077	2326
00072989	2327
07679356	2328
07566863	2329
02368336	2330
02766390	2331
13372123	2332
04612722	2333
01123415	2334
10565502	2335
10067968	2336
01263018	2337
00657728	2338
10140783	2339
10703692	2340
05826914	2341
10439851	2342
04983122	2343
08428019	2344
01996735	2345
07365849	2346
02995998	2347
02213074	2348
05644727	2349
10043643	2350
07537259	2351
01818972	2352
02241107	2353
09955015	2354
10287213	2355
09624168	2356
04018399	2357
02796995	2358
02075462	2359
00091013	2360
05243704	2361
05259240	2362
01223616	2363
15273626	2364
01922895	2365
07073208	2366
00933403	2367
06874391	2368
00781303	2369
10722965	2370
00134099	2371
01150559	2372
10470460	2373
01177505	2374
00521209	2375
02140033	2376
02381571	2377
00095329	2378
05689249	2379
02191106	2380
11517494	2381
11495041	2382
06489190	2383
05008227	2384
01476685	2385
00276620	2386
02053941	2387
07242104	2388
14442933	2389
00480751	2390
01897991	2391
03393017	2392
00375071	2393
00374063	2394
01798936	2395
00867357	2396
00863513	2397
00336718	2398
04360501	2399
05769471	2400
01415807	2401
05264247	2402
05264081	2403
04404412	2404
04400289	2405
02151625	2406
02468864	2407
06709692	2408
00864159	2409
02011810	2410
06207561	2411
13384557	2412
13372961	2413
08062623	2414
00049636	2415
07612996	2416
07609840	2417
08050678	2418
08165455	2419
04474035	2420
01953810	2421
02478059	2422
06290637	2423
06286395	2424
02566227	2425
02135048	2426
11480930	2427
02515341	2428
13466586	2429
00104868	2430
00270826	2431
01159025	2432
01378123	2433
07649854	2434
07555863	2435
02424652	2436
10379758	2437
01473806	2438
01471682	2439
10787197	2440
01582200	2441
03879116	2442
07550369	2443
07546465	2444
03040587	2445
13559409	2446
02008396	2447
03100897	2448
13329641	2449
00463234	2450
04293258	2451
04524313	2452
04209239	2453
03151077	2454
01778568	2455
01177033	2456
02521410	2457
00873469	2458
06619428	2459
04952944	2460
02162947	2461
04680285	2462
03178782	2463
09861946	2464
03790512	2465
14031523	2466
04190747	2467
01486312	2468
04146050	2469
03038685	2470
01699700	2471
00932324	2472
14480772	2473
00445169	2474
00786195	2475
00879607	2476
05241072	2477
00509607	2478
02120458	2479
01747945	2480
11444117	2481
01279305	2482
02599004	2483
01706129	2484
07128946	2485
02163301	2486
09847010	2487
01080064	2488
02237631	2489
02236124	2490
05238036	2491
02583780	2492
02583139	2493
02600490	2494
00158185	2495
07197021	2496
02933304	2497
01273263	2498
00508032	2499
01138523	2500
02405390	2501
01743784	2502
03777283	2503
00754873	2504
00311663	2505
09203827	2506
01377032	2507
07407777	2508
13809920	2509
03663433	2510
03841666	2511
10249950	2512
10480253	2513
04511002	2514
03297735	2515
00325502	2516
01687401	2517
06792645	2518
00902652	2519
00903449	2520
01477806	2521
00087663	2522
00087423	2523
00503715	2524
13536794	2525
02838592	2526
14417146	2527
04316646	2528
03296597	2529
09593651	2530
05893653	2531
00162688	2532
07127006	2533
10451590	2534
02973017	2535
04359335	2536
15155220	2537
15164957	2538
00453424	2539
01586850	2540
03391301	2541
10467395	2542
00759657	2543
10024119	2544
10582154	2545
02568065	2546
00746232	2547
10760763	2548
00664483	2549
03513627	2550
03264542	2551
10660729	2552
10002760	2553
00910135	2554
07520612	2555
03673767	2556
02028994	2557
00949288	2558
00191980	2559
02202133	2560
10712573	2561
00469637	2562
14283178	2563
02061846	2564
02629256	2565
01079042	2566
10388440	2567
00346693	2568
00386715	2569
14449405	2570
02632353	2571
02066939	2572
09795124	2573
09875786	2574
02418205	2575
04859177	2576
03532672	2577
01365549	2578
00906735	2579
10300303	2580
01238358	2581
01236164	2582
13258362	2583
10481003	2584
00464321	2585
05077146	2586
01765178	2587
04903813	2588
03096960	2589
00173159	2590
00171586	2591
02521816	2592
01667607	2593
07313241	2594
00365188	2595
00787832	2596
02497400	2597
00102586	2598
07420770	2599
01037498	2600
07136940	2601
01884974	2602
00331655	2603
03545150	2604
00329819	2605
00202284	2606
00775831	2607
07519253	2608
01780202	2609
13491060	2610
00443116	2611
02029663	2612
01666131	2613
01189604	2614
09762385	2615
00842989	2616
01036804	2617
07186661	2618
04780958	2619
00590148	2620
09906848	2621
04958634	2622
00404202	2623
06397903	2624
00901799	2625
01033527	2626
04520170	2627
10057714	2628
10525134	2629
00107943	2630
00452293	2631
00451866	2632
01265740	2633
01322221	2634
01321854	2635
04780755	2636
02529284	2637
04665813	2638
01657828	2639
14818238	2640
09941964	2641
10079399	2642
10203949	2643
02384275	2644
09968845	2645
00591236	2646
01351170	2647
00392950	2648
04982478	2649
00752954	2650
01582645	2651
00403149	2652
00845523	2653
10113362	2654
03399047	2655
00351406	2656
04051549	2657
02334595	2658
15258694	2659
02418686	2660
00511817	2661
07642182	2662
07628870	2663
01639105	2664
13388245	2665
03467984	2666
02963821	2667
03521076	2668
00878348	2669
07560652	2670
00021265	2671
02687992	2672
04396466	2673
10178216	2674
02033137	2675
13869327	2676
01063697	2677
01860795	2678
00261405	2679
00261258	2680
00266806	2681
00260648	2682
03925226	2683
00851933	2684
05734381	2685
00695300	2686
00022316	2687
00463543	2688
00545501	2689
00100253	2690
00095502	2691
04157320	2692
03958097	2693
00751887	2694
04473432	2695
10506915	2696
00660102	2697
10671736	2698
05514410	2699
00768778	2700
01657641	2701
02410393	2702
00986027	2703
00320486	2704
02001461	2705
10669727	2706
10782791	2707
02288295	2708
08276342	2709
01273016	2710
06756680	2711
00870453	2712
14031108	2713
01930512	2714
10709529	2715
01508368	2716
00138508	2717
06394865	2718
02690384	2719
01952898	2720
07333649	2721
00371846	2722
15165289	2723
00277659	2724
00351334	2725
09879744	2726
00841580	2727
07232988	2728
03859495	2729
00087849	2730
13897996	2731
04789274	2732
03836062	2733
04768028	2734
07373803	2735
02743020	2736
02152212	2737
01232246	2738
03412220	2739
08114861	2740
01016316	2741
00740712	2742
14856263	2743
01803936	2744
10596689	2745
00311809	2746
00483801	2747
02537092	2748
14984973	2749
02632567	2750
09367991	2751
08324514	2752
09944022	2753
00047317	2754
02439732	2755
04335435	2756
01945183	2757
03573282	2758
07338552	2759
08184600	2760
02064131	2761
06258228	2762
06258031	2763
06645039	2764
02091410	2765
13297850	2766
13296899	2767
01049475	2768
07123870	2769
05518870	2770
00362348	2771
07237758	2772
02636921	2773
05160796	2774
00064479	2775
01063695	2776
00757856	2777
00969506	2778
02413140	2779
10554455	2780
00368592	2781
01021128	2782
10369955	2783
02491383	2784
00509846	2785
06359877	2786
06349220	2787
02124106	2788
06726939	2789
05256862	2790
10153155	2791
09867956	2792
13454318	2793
00799798	2794
05789808	2795
08161068	2796
13275288	2797
13252973	2798
02615079	2799
06083243	2800
09986189	2801
05211044	2802
00810557	2803
00204199	2804
03695122	2805
03844550	2806
04049405	2807
03057021	2808
09925592	2809
05923696	2810
00692907	2811
01153762	2812
04794751	2813
01672607	2814
01273814	2815
00896688	2816
00896348	2817
10669991	2818
04761815	2819
04761517	2820
10244913	2821
06685456	2822
07227772	2823
04096066	2824
04008385	2825
14574846	2826
05662532	2827
02265231	2828
10475297	2829
05526384	2830
00182406	2831
02674564	2832
06548498	2833
00161225	2834
02765924	2835
10785869	2836
08057633	2837
01497292	2838
02967626	2839
07258664	2840
07111047	2841
02914813	2842
14786479	2843
01915131	2844
08877382	2845
02006834	2846
00048656	2847
05060189	2848
00872107	2849
00520257	2850
05768806	2851
00456740	2852
05064827	2853
00890100	2854
09759311	2855
00455368	2856
07548366	2857
07501545	2858
07128060	2859
00030010	2860
00186634	2861
01111816	2862
02420232	2863
00453731	2864
07181043	2865
07180787	2866
06731186	2867
10766025	2868
15160579	2869
15157041	2870
06055946	2871
01949007	2872
02930766	2873
04370048	2874
01240308	2875
10078806	2876
03401721	2877
02962200	2878
01993352	2879
07429976	2880
04951373	2881
02003725	2882
09931640	2883
00594836	2884
02291548	2885
02291258	2886
10387712	2887
08319198	2888
08163273	2889
01928838	2890
00751145	2891
13560417	2892
13456715	2893
03868044	2894
04055861	2895
00314469	2896
01037650	2897
06610143	2898
01930874	2899
07710283	2900
07707451	2901
01027263	2902
00299580	2903
00612114	2904
01610463	2905
11499817	2906
10413276	2907
10412910	2908
03242713	2909
05748786	2910
00730499	2911
01484083	2912
01628302	2913
00610374	2914
05762998	2915
00800421	2916
00374668	2917
04099969	2918
01143838	2919
01480149	2920
00984609	2921
00981830	2922
15255641	2923
00207728	2924
00271263	2925
02629390	2926
00667942	2927
07143624	2928
00877559	2929
02412939	2930
13864763	2931
00083975	2932
00300317	2933
14477877	2934
14298102	2935
00476744	2936
13319726	2937
13319032	2938
02153023	2939
04037443	2940
03061674	2941
09911570	2942
01038666	2943
01112364	2944
06115476	2945
09824135	2946
01290255	2947
02459633	2948
06695862	2949
03561657	2950
02689146	2951
01453256	2952
10492202	2953
00908772	2954
01693881	2955
01219706	2956
10490421	2957
09841188	2958
01195675	2959
00841901	2960
05832264	2961
01765908	2962
07964495	2963
02377938	2964
02191546	2965
01563336	2966
06304671	2967
04681387	2968
00884946	2969
01054545	2970
00073828	2971
01347298	2972
02422663	2973
00164444	2974
00401783	2975
01358023	2976
04143365	2977
02974697	2978
00372665	2979
09643078	2980
09641757	2981
01064758	2982
01064148	2983
00646271	2984
00945777	2985
10173895	2986
01201100	2987
02497062	2988
01258852	2989
02651424	2990
01054227	2991
10527334	2992
07424109	2993
01028655	2994
10623354	2995
02733122	2996
03270165	2997
10757193	2998
09747329	2999
07207410	3000
07207273	3001
06796642	3002
01526521	3003
07479799	3004
01065630	3005
00510189	3006
00551065	3007
00550117	3008
01767163	3009
04711435	3010
00201923	3011
02043190	3012
00503982	3013
01249483	3014
03068181	3015
00620424	3016
00223854	3017
08349548	3018
00248063	3019
02509919	3020
02509287	3021
00358089	3022
01593937	3023
10213319	3024
10207831	3025
01407904	3026
08879388	3027
04161981	3028
10619642	3029
06143154	3030
01235258	3031
01153486	3032
02460199	3033
08280124	3034
00665358	3035
01012561	3036
00153961	3037
00138221	3038
00938419	3039
14493426	3040
00172732	3041
02317970	3042
09943239	3043
00596692	3044
09907196	3045
06369829	3046
06373991	3047
15145586	3048
15146545	3049
00364260	3050
00155143	3051
03621049	3052
04516672	3053
00613393	3054
03658858	3055
01307142	3056
00312932	3057
08565701	3058
00307631	3059
02102398	3060
01866192	3061
14005892	3062
02070679	3063
00117985	3064
01053617	3065
02153709	3066
01229071	3067
04764412	3068
01426077	3069
02472223	3070
05981768	3071
05980875	3072
15203229	3073
00639556	3074
00641820	3075
00105624	3076
04837232	3077
00082241	3078
02710673	3079
06807198	3080
00235918	3081
03952277	3082
00773432	3083
07622261	3084
07579076	3085
09359803	3086
09361517	3087
01892104	3088
07350192	3089
06539178	3090
04294426	3091
01325536	3092
00979988	3093
00996102	3094
02153387	3095
10565302	3096
14425103	3097
01415162	3098
01400044	3099
01718867	3100
15183802	3101
15183428	3102
04353803	3103
01385170	3104
04226537	3105
00954271	3106
07220773	3107
01078783	3108
04838210	3109
00510723	3110
01193099	3111
00930368	3112
01167981	3113
07996412	3114
10693459	3115
00249721	3116
03875218	3117
01363482	3118
01169744	3119
03661340	3120
02518813	3121
02520015	3122
01133825	3123
00986938	3124
13465530	3125
01101753	3126
00347652	3127
00310201	3128
02179518	3129
02530167	3130
10185148	3131
00164579	3132
02234087	3133
00889229	3134
00888786	3135
01437888	3136
00406800	3137
01387301	3138
04294614	3139
02788689	3140
10452752	3141
14541852	3142
05091316	3143
04337740	3144
00215838	3145
00215683	3146
04287351	3147
02068413	3148
10516874	3149
10151570	3150
00715868	3151
07059255	3152
07071942	3153
01073241	3154
01169317	3155
02583545	3156
00611972	3157
00624263	3158
06366581	3159
04004475	3160
00843128	3161
02924116	3162
10782940	3163
01100145	3164
00297507	3165
04298308	3166
04314914	3167
00076072	3168
10463943	3169
02243567	3170
01159964	3171
13867276	3172
04226322	3173
00616857	3174
07272545	3175
01803380	3176
00459114	3177
13573666	3178
07335581	3179
02091165	3180
03338821	3181
14814531	3182
14844693	3183
08463063	3184
10758847	3185
02565491	3186
05068461	3187
00927578	3188
05657718	3189
05653848	3190
00989602	3191
00595146	3192
10164233	3193
13497135	3194
00153263	3195
00717208	3196
06425065	3197
07131854	3198
00392093	3199
03117199	3200
02149302	3201
00891850	3202
00696852	3203
10567401	3204
07550666	3205
10299250	3206
01194418	3207
09966255	3208
02253456	3209
00777931	3210
00622068	3211
02169702	3212
14540765	3213
10391653	3214
08877807	3215
01543998	3216
04764741	3217
10523519	3218
10433164	3219
09814660	3220
07092592	3221
07092158	3222
07260623	3223
06702458	3224
02893338	3225
10390427	3226
00384620	3227
00167934	3228
09730533	3229
08197742	3230
08198398	3231
04281375	3232
08339454	3233
01105737	3234
02909006	3235
04613015	3236
00782072	3237
03138534	3238
08677801	3239
10512708	3240
04848262	3241
01006675	3242
01566185	3243
05790572	3244
00796976	3245
01126856	3246
01125693	3247
00751944	3248
02767308	3249
00894221	3250
00959376	3251
05198036	3252
04836074	3253
07832902	3254
07829412	3255
10700517	3256
01054335	3257
06271778	3258
06254669	3259
10012377	3260
01189224	3261
14875077	3262
00552097	3263
01592669	3264
01456771	3265
01268457	3266
00958477	3267
01349493	3268
00343249	3269
02382367	3270
00288970	3271
07353075	3272
08182379	3273
08591680	3274
07390945	3275
00027807	3276
14480420	3277
14479615	3278
01764800	3279
01583494	3280
09811852	3281
02950826	3282
01782218	3283
05525807	3284
00657016	3285
05731568	3286
02180529	3287
01811172	3288
07538395	3289
02271137	3290
00205349	3291
00115803	3292
01662118	3293
02058590	3294
02970685	3295
04837425	3296
00512487	3297
13892897	3298
00550016	3299
00476389	3300
01449053	3301
02528985	3302
00067707	3303
07578879	3304
00298497	3305
04531098	3306
05704694	3307
02666882	3308
13855627	3309
01826378	3310
00623162	3311
02559180	3312
04790449	3313
04123567	3314
03309808	3315
01910965	3316
01766748	3317
00320284	3318
02773037	3319
01009190	3320
03328076	3321
03464467	3322
10737103	3323
09765278	3324
00123234	3325
01489332	3326
10695555	3327
00852506	3328
00750532	3329
10656969	3330
10280945	3331
07556637	3332
02018049	3333
01920698	3334
08230294	3335
01335588	3336
08472335	3337
08464601	3338
06482401	3339
10561613	3340
01696135	3341
00263947	3342
00738747	3343
05981230	3344
01959294	3345
03904183	3346
08592656	3347
00730301	3348
02708420	3349
02502916	3350
03533972	3351
02784218	3352
02020590	3353
06314144	3354
06313651	3355
02858304	3356
02377703	3357
01923414	3358
07193596	3359
00808855	3360
01589056	3361
10206173	3362
00897811	3363
00894552	3364
00413876	3365
00599472	3366
13994456	3367
00745187	3368
07110615	3369
08311933	3370
08310949	3371
00055315	3372
10264437	3373
06172789	3374
01348174	3375
00593219	3376
10474645	3377
08543223	3378
10548537	3379
10548681	3380
02784732	3381
02681518	3382
10676018	3383
10683126	3384
01960911	3385
02950256	3386
07781801	3387
01019524	3388
00637145	3389
03525454	3390
03525827	3391
01222666	3392
00759694	3393
10714465	3394
03589791	3395
10008716	3396
02558951	3397
00206302	3398
04781755	3399
04893787	3400
02466496	3401
01068012	3402
04369025	3403
04343346	3404
02689882	3405
06619065	3406
01165579	3407
15256245	3408
15256714	3409
02512150	3410
05807540	3411
00591115	3412
07350401	3413
01045073	3414
10157744	3415
06950209	3416
06947032	3417
00609100	3418
05645199	3419
00203866	3420
00772640	3421
05177285	3422
05174653	3423
01190494	3424
02045043	3425
10632576	3426
05716577	3427
00992041	3428
01122194	3429
01134699	3430
04048568	3431
01950657	3432
00567044	3433
02058994	3434
02079933	3435
00557813	3436
04499660	3437
02881193	3438
01925694	3439
08537837	3440
00527572	3441
01549905	3442
00403466	3443
00449295	3444
01748318	3445
02193974	3446
02918595	3447
01846320	3448
01222859	3449
01535709	3450
01640850	3451
04470232	3452
09941383	3453
13343526	3454
13342987	3455
01725051	3456
01726172	3457
13992514	3458
10426454	3459
03871083	3460
07421316	3461
00612841	3462
05050115	3463
01170813	3464
01350699	3465
06669384	3466
00449517	3467
08873269	3468
02564986	3469
00369399	3470
00369802	3471
14062725	3472
00283911	3473
00161739	3474
00009978	3475
10132988	3476
03194992	3477
00114431	3478
03354613	3479
00885925	3480
01210816	3481
00144694	3482
13899404	3483
06758225	3484
00836705	3485
00571596	3486
01995211	3487
03841143	3488
04995211	3489
01716227	3490
13757249	3491
01453433	3492
10162194	3493
01774136	3494
10397001	3495
08399586	3496
08398773	3497
01746605	3498
15159583	3499
05638063	3500
00436879	3501
04544805	3502
15101854	3503
00599835	3504
01276361	3505
02574516	3506
00754424	3507
10783734	3508
06308049	3509
04529962	3510
01426153	3511
01425892	3512
01460421	3513
00758627	3514
10420031	3515
07386370	3516
02650552	3517
07233214	3518
00041188	3519
05769726	3520
00435688	3521
00356258	3522
00891216	3523
13344664	3524
09252970	3525
02627555	3526
07006712	3527
00101191	3528
00739270	3529
02225492	3530
14515463	3531
01985923	3532
03246454	3533
00364868	3534
09930876	3535
00105778	3536
00308370	3537
00317888	3538
00317700	3539
02880940	3540
03206908	3541
10480730	3542
00598056	3543
02539359	3544
02437148	3545
00863433	3546
02742638	3547
01271189	3548
00827379	3549
07561590	3550
02385153	3551
02742232	3552
02267060	3553
00291757	3554
00280930	3555
01432517	3556
10201535	3557
00804476	3558
07255027	3559
10582746	3560
06885389	3561
01955984	3562
00618734	3563
01985029	3564
01983771	3565
00313245	3566
00312553	3567
00399393	3568
05787005	3569
02418421	3570
09755398	3571
03139045	3572
08860123	3573
00232863	3574
03792048	3575
01660386	3576
00893878	3577
06626446	3578
10619492	3579
02388950	3580
02174311	3581
10512372	3582
10058585	3583
00049003	3584
00980908	3585
10023656	3586
00731222	3587
02817650	3588
00209837	3589
03669886	3590
06099269	3591
01163847	3592
01819554	3593
01222477	3594
02495038	3595
01157850	3596
01098706	3597
01053144	3598
01987938	3599
02681795	3600
02682424	3601
06353934	3602
00994076	3603
07921455	3604
07881800	3605
10513120	3606
08597023	3607
08619620	3608
01498498	3609
06961557	3610
01325774	3611
13495636	3612
01716619	3613
07018931	3614
00122106	3615
00949974	3616
05040275	3617
02324397	3618
00614999	3619
05707146	3620
08611063	3621
09975933	3622
00649481	3623
00789138	3624
01177118	3625
01176897	3626
13529616	3627
00752298	3628
13408980	3629
03525252	3630
01302019	3631
01701311	3632
02215355	3633
01148614	3634
04534520	3635
00879271	3636
00696700	3637
07511733	3638
02582450	3639
10266848	3640
10069645	3641
04564698	3642
00140751	3643
04753799	3644
04753455	3645
03339643	3646
01458664	3647
00328128	3648
13999663	3649
01140794	3650
07775375	3651
05526957	3652
00599234	3653
15234764	3654
15154774	3655
06264398	3656
06516955	3657
08493064	3658
02812482	3659
06758835	3660
00341917	3661
01149470	3662
01536344	3663
01458973	3664
00049197	3665
04639113	3666
02407338	3667
10665302	3668
01134037	3669
06880533	3670
02272090	3671
06610992	3672
01051956	3673
06253518	3674
06253140	3675
01854132	3676
00621476	3677
08645963	3678
10072708	3679
00796315	3680
04010205	3681
01919226	3682
00366275	3683
00558883	3684
06522501	3685
00752431	3686
02147824	3687
11527967	3688
02148369	3689
02679530	3690
01018366	3691
01877355	3692
00327824	3693
09944160	3694
10307234	3695
14010927	3696
14010148	3697
02056971	3698
06477003	3699
06477209	3700
00671351	3701
00676834	3702
00527367	3703
02383440	3704
07139873	3705
05661996	3706
05660268	3707
11421401	3708
03103128	3709
10334101	3710
01165919	3711
09415938	3712
00048633	3713
05123416	3714
01156438	3715
01088381	3716
03702719	3717
00732746	3718
01587062	3719
10557854	3720
05785311	3721
10672192	3722
10437852	3723
00512749	3724
06792950	3725
02572119	3726
02582042	3727
10100761	3728
10599354	3729
01957529	3730
02861617	3731
06999436	3732
09303008	3733
00120202	3734
00119568	3735
02677718	3736
09464486	3737
02175578	3738
02039156	3739
04913839	3740
03547658	3741
01089137	3742
08398036	3743
10196965	3744
04870643	3745
03883664	3746
03880323	3747
01774426	3748
09484664	3749
10069120	3750
00240571	3751
00365471	3752
01848465	3753
01722077	3754
10217436	3755
07412092	3756
02402409	3757
10261388	3758
10294602	3759
10792856	3760
02392600	3761
09892693	3762
13860281	3763
00321956	3764
10252075	3765
04768657	3766
04768483	3767
02727039	3768
00307785	3769
02443849	3770
00954038	3771
07350567	3772
05737153	3773
04472243	3774
03054901	3775
00222472	3776
00220869	3777
00045646	3778
00036762	3779
07206096	3780
13980288	3781
04059701	3782
02431971	3783
15266265	3784
00492677	3785
06787037	3786
02000288	3787
05068918	3788
04578708	3789
02046755	3790
00115036	3791
10640620	3792
00643197	3793
03512911	3794
01272397	3795
00618878	3796
07354731	3797
00876665	3798
10656223	3799
02175958	3800
04080454	3801
05895723	3802
10510546	3803
00667747	3804
02959942	3805
04366116	3806
08491027	3807
02506361	3808
14562142	3809
13575433	3810
08881674	3811
02717472	3812
00943363	3813
02270815	3814
07187996	3815
02196690	3816
02196948	3817
02048891	3818
10435988	3819
02345647	3820
02015598	3821
00058519	3822
00086297	3823
02776205	3824
00259643	3825
07254057	3826
00716945	3827
06355705	3828
02957823	3829
05706954	3830
01098698	3831
02401523	3832
10360101	3833
06376154	3834
14414715	3835
00494269	3836
04159058	3837
04004767	3838
03916720	3839
00931852	3840
02830157	3841
10561320	3842
00795785	3843
00443231	3844
00442115	3845
00047172	3846
02319050	3847
10395073	3848
10256080	3849
06178812	3850
07134850	3851
10079210	3852
02174115	3853
02576349	3854
06647206	3855
08463817	3856
02014553	3857
01062583	3858
01205696	3859
14419510	3860
08430203	3861
02703539	3862
10020890	3863
04664964	3864
00272448	3865
05658603	3866
05652396	3867
01288052	3868
10765305	3869
00852922	3870
00636921	3871
00633864	3872
00455212	3873
07874780	3874
03056010	3875
00216723	3876
01848355	3877
04817923	3878
02680814	3879
10254392	3880
02324182	3881
07150328	3882
07149836	3883
05136343	3884
01844048	3885
02643574	3886
07961016	3887
01020117	3888
02671279	3889
06253690	3890
13306870	3891
13275847	3892
08593262	3893
14036539	3894
01785971	3895
00645939	3896
07440979	3897
02939919	3898
01509584	3899
02648253	3900
05795044	3901
01160342	3902
00231887	3903
01593763	3904
01224415	3905
08521816	3906
13259917	3907
02769460	3908
04336034	3909
02471690	3910
07169353	3911
10754281	3912
10257647	3913
01976841	3914
01977701	3915
10765098	3916
02077656	3917
02644050	3918
01320872	3919
01168961	3920
00290276	3921
13753067	3922
02717362	3923
01966861	3924
05706629	3925
02694287	3926
02690708	3927
10318892	3928
01743531	3929
00749767	3930
02028366	3931
02027612	3932
03283827	3933
04990877	3934
02465414	3935
05921123	3936
01606018	3937
01483324	3938
01475831	3939
09827683	3940
14427239	3941
00046177	3942
01720660	3943
00759269	3944
03845360	3945
04572344	3946
08274923	3947
10181990	3948
09909760	3949
02347637	3950
02384940	3951
02486693	3952
10746346	3953
02466670	3954
01172275	3955
00748515	3956
02666943	3957
10691600	3958
07409475	3959
01524871	3960
01612295	3961
09616922	3962
14436875	3963
09934921	3964
01583993	3965
02833576	3966
01781180	3967
01779165	3968
02210119	3969
00390581	3970
02453321	3971
01227235	3972
00051712	3973
06609503	3974
10702781	3975
03059366	3976
07262704	3977
07369604	3978
00704305	3979
06503724	3980
11450566	3981
00506040	3982
00548913	3983
07444668	3984
02330247	3985
00610738	3986
00858377	3987
07311661	3988
00428404	3989
00103696	3990
02030158	3991
01541803	3992
02710402	3993
11501230	3994
00199659	3995
05245775	3996
04692157	3997
00743822	3998
01846658	3999
01606574	4000
00150287	4001
10482054	4002
02408281	4003
00782057	4004
00813790	4005
04289690	4006
04574999	4007
02082527	4008
02002720	4009
02009433	4010
00139908	4011
07884567	4012
02442205	4013
00365709	4014
00154778	4015
14024882	4016
01909978	4017
00348312	4018
10197392	4019
00336260	4020
08892971	4021
06507041	4022
09612291	4023
00181781	4024
00433232	4025
07370410	4026
02522319	4027
03224893	4028
01088749	4029
08287586	4030
00592102	4031
00071803	4032
14299070	4033
02159427	4034
00216216	4035
00989201	4036
07241837	4037
01369346	4038
01254324	4039
00218045	4040
01538310	4041
07621776	4042
00255214	4043
01185981	4044
07449862	4045
05017458	4046
05017230	4047
00591519	4048
01433294	4049
01177703	4050
10042300	4051
05152696	4052
05003590	4053
00348571	4054
01876907	4055
05700087	4056
07524760	4057
02656390	4058
14539960	4059
07214994	4060
08892058	4061
00487874	4062
10253995	4063
00784342	4064
07193184	4065
00754956	4066
00075021	4067
14562683	4068
04411264	4069
02062212	4070
10562391	4071
07236077	4072
01204191	4073
15227846	4074
15228162	4075
02266148	4076
00827638	4077
01347678	4078
01020936	4079
00123430	4080
03738241	4081
14415518	4082
00483466	4083
02765190	4084
03469493	4085
00877345	4086
03753077	4087
04842313	4088
00645552	4089
09943541	4090
02047650	4091
02702508	4092
06863751	4093
08342670	4094
08342039	4095
15257829	4096
10320863	4097
10678662	4098
02701775	4099
13863771	4100
07238694	4101
06396930	4102
01919931	4103
01041954	4104
10139347	4105
00362610	4106
07351612	4107
01909812	4108
06343971	4109
10433452	4110
01933305	4111
14514039	4112
02965783	4113
01180701	4114
00380159	4115
02717831	4116
05902545	4117
02484570	4118
00978173	4119
01125084	4120
01841079	4121
02319129	4122
01848718	4123
10004539	4124
03401500	4125
02950482	4126
03005769	4127
02697120	4128
10744164	4129
03307274	4130
03222959	4131
04294212	4132
01053771	4133
07800487	4134
06650431	4135
07170467	4136
02517768	4137
02517938	4138
00443984	4139
14376855	4140
14373582	4141
10476671	4142
10009484	4143
04980463	4144
01022420	4145
09957614	4146
09957156	4147
03221720	4148
00879540	4149
03213014	4150
03213826	4151
00092293	4152
09775663	4153
02677097	4154
13793504	4155
02883344	4156
06413889	4157
01030132	4158
00152018	4159
00750890	4160
05890249	4161
14413644	4162
02513460	4163
01158596	4164
00429440	4165
10012484	4166
01899360	4167
04894037	4168
10728998	4169
14376188	4170
14375890	4171
01389329	4172
11512818	4173
03195485	4174
02641957	4175
07238102	4176
05718254	4177
00791227	4178
13878112	4179
10672908	4180
03707597	4181
09316454	4182
01936537	4183
00776846	4184
06608728	4185
02708707	4186
00051761	4187
00300537	4188
10118587	4189
01266895	4190
07172979	4191
02743547	4192
02991122	4193
01965464	4194
02250625	4195
00259894	4196
01122601	4197
07223985	4198
07223170	4199
06699225	4200
06698252	4201
10506220	4202
01881180	4203
07288639	4204
07361128	4205
01857392	4206
02771320	4207
00737973	4208
09810166	4209
02005948	4210
03414162	4211
02679142	4212
00591006	4213
00296585	4214
07140659	4215
00813978	4216
01091427	4217
08274565	4218
02309008	4219
10093658	4220
03065424	4221
07557165	4222
01176232	4223
00276813	4224
02492198	4225
02520669	4226
07547805	4227
02398854	4228
10271677	4229
00073584	4230
00790703	4231
00776059	4232
02374451	4233
02376542	4234
07356676	4235
03852280	4236
05514081	4237
09619168	4238
02103162	4239
04166553	4240
03248958	4241
00922144	4242
01628197	4243
10282920	4244
09965134	4245
05716744	4246
13865483	4247
04606358	4248
04588365	4249
03905730	4250
02801938	4251
06394701	4252
09310460	4253
00477941	4254
13991823	4255
00793271	4256
13318147	4257
00964911	4258
06767777	4259
00953923	4260
03503997	4261
03665366	4262
10030277	4263
00634276	4264
08858942	4265
02454312	4266
00210259	4267
02670186	4268
03315023	4269
03579982	4270
03288225	4271
01055404	4272
00085678	4273
00374224	4274
01803641	4275
01803078	4276
06510977	4277
06509210	4278
02675067	4279
00549472	4280
02852173	4281
00424869	4282
01414088	4283
09281777	4284
08402944	4285
08402828	4286
03194812	4287
10060352	4288
08056231	4289
08277805	4290
05906554	4291
05905802	4292
04702688	4293
00258854	4294
00947923	4295
10308394	4296
02734800	4297
00048828	4298
01485158	4299
00322228	4300
10644469	4301
01883344	4302
01503404	4303
07963087	4304
15233778	4305
13295657	4306
06787150	4307
06786629	4308
00830448	4309
01539633	4310
01147950	4311
14425974	4312
04904352	4313
02021149	4314
04649261	4315
04648207	4316
01224031	4317
00936620	4318
02763283	4319
13447361	4320
15282696	4321
07202812	4322
07365193	4323
01929254	4324
01065441	4325
00461493	4326
14498404	4327
02065085	4328
07445896	4329
09759501	4330
10183757	4331
00833199	4332
01202374	4333
01304716	4334
02709367	4335
13899200	4336
06532095	4337
02270404	4338
01853696	4339
00664849	4340
09769076	4341
10059582	4342
09283623	4343
15283097	4344
13403331	4345
02896789	4346
13594585	4347
09622745	4348
02898711	4349
02517202	4350
00735936	4351
00606006	4352
14577046	4353
06946823	4354
04590746	4355
01364357	4356
01538161	4357
01714208	4358
13508651	4359
13536016	4360
03101667	4361
13422061	4362
13421832	4363
00857664	4364
05236029	4365
04515129	4366
01417451	4367
15166742	4368
15166462	4369
08520401	4370
01244410	4371
03462747	4372
11449907	4373
01146051	4374
05844105	4375
00392960	4376
05071556	4377
02333979	4378
00289388	4379
01901133	4380
00566322	4381
00884317	4382
08381636	4383
08322981	4384
01070187	4385
01069980	4386
05681117	4387
07366799	4388
02686568	4389
10395605	4390
07135734	4391
00459776	4392
15046900	4393
01216522	4394
10029068	4395
01321456	4396
03536122	4397
00426958	4398
00595935	4399
13480667	4400
02079525	4401
02387910	4402
05944958	4403
00755745	4404
01466257	4405
01915365	4406
00201058	4407
07450343	4408
07447641	4409
03528761	4410
03322099	4411
06605396	4412
10033225	4413
02047263	4414
10553627	4415
02047807	4416
15235126	4417
15236338	4418
02069248	4419
00346296	4420
00814458	4421
01143040	4422
01254253	4423
01241594	4424
00904878	4425
00469382	4426
01500873	4427
07566340	4428
09360122	4429
02191311	4430
03802973	4431
00066216	4432
00609506	4433
05762149	4434
01551195	4435
02728440	4436
01230850	4437
13134947	4438
00506672	4439
00855295	4440
06875697	4441
01134522	4442
04405907	4443
03617594	4444
02102002	4445
00810729	4446
04528256	4447
07580053	4448
05638987	4449
02344243	4450
00785962	4451
00636728	4452
06276902	4453
06276697	4454
02261642	4455
07125523	4456
00912048	4457
13534274	4458
02863750	4459
04191595	4460
00780615	4461
10032524	4462
13482330	4463
01646941	4464
02100709	4465
01093380	4466
01169704	4467
06634239	4468
03318438	4469
06254475	4470
02751597	4471
01981436	4472
04133211	4473
01111028	4474
10117511	4475
05010062	4476
13934596	4477
04674715	4478
00033599	4479
03098140	4480
06874688	4481
00213343	4482
07122730	4483
00995838	4484
01117164	4485
06256697	4486
00754731	4487
01547001	4488
00616083	4489
00601043	4490
10580030	4491
00522068	4492
09804230	4493
01021973	4494
04357930	4495
03082807	4496
02652494	4497
02919100	4498
04825114	4499
04823866	4500
05050668	4501
03206718	4502
00311113	4503
14374432	4504
08626080	4505
00131018	4506
06700325	4507
06700169	4508
10074339	4509
00139729	4510
00966718	4511
01428381	4512
00853633	4513
00431005	4514
05659365	4515
05659621	4516
03626014	4517
01277649	4518
07866151	4519
07009640	4520
07007684	4521
01506583	4522
04952242	4523
00342755	4524
00854393	4525
01877204	4526
07346057	4527
10150940	4528
10765189	4529
06799897	4530
02384041	4531
07751451	4532
07705931	4533
08182716	4534
00050652	4535
00835506	4536
04644512	4537
02934168	4538
01031705	4539
09262690	4540
09468604	4541
04981139	4542
09963320	4543
00322847	4544
00217773	4545
08236621	4546
03325769	4547
02631659	4548
03200357	4549
00616498	4550
07388987	4551
00371314	4552
08254055	4553
08253640	4554
02259005	4555
06275634	4556
13307901	4557
13307784	4558
02337667	4559
00812149	4560
02316649	4561
01540693	4562
01282142	4563
13485408	4564
00405360	4565
00405206	4566
02508245	4567
08691669	4568
08518505	4569
01470225	4570
08543496	4571
04096733	4572
01684663	4573
06885083	4574
08440630	4575
07524529	4576
09267490	4577
01461328	4578
08626283	4579
01729431	4580
04026813	4581
02261888	4582
08547300	4583
08647945	4584
03579538	4585
02120140	4586
02121188	4587
01176567	4588
00027167	4589
10006842	4590
07996149	4591
00350889	4592
10069427	4593
01163779	4594
06677302	4595
13138658	4596
13138308	4597
00322488	4598
01887896	4599
00596393	4600
10464542	4601
07939159	4602
09774266	4603
07295629	4604
02546075	4605
07643026	4606
14543552	4607
03167666	4608
03518631	4609
03431243	4610
09935233	4611
02669885	4612
04790774	4613
01611067	4614
07622061	4615
05220126	4616
06715786	4617
04530566	4618
05196375	4619
00709379	4620
06780678	4621
04048075	4622
01537409	4623
01489722	4624
10646325	4625
06700030	4626
06697331	4627
03744840	4628
00403334	4629
13622591	4630
13615557	4631
04060065	4632
02974219	4633
13980845	4634
02567147	4635
15157225	4636
02663340	4637
10635275	4638
00115667	4639
10035809	4640
00183505	4641
02462580	4642
00066636	4643
00859604	4644
02972533	4645
00396642	4646
02584097	4647
07301543	4648
01926984	4649
00095873	4650
09994943	4651
01149480	4652
01460029	4653
03343853	4654
04926427	4655
01967104	4656
01438681	4657
05257737	4658
00234988	4659
05105265	4660
05103946	4661
07243193	4662
00155298	4663
03096593	4664
03796605	4665
01566476	4666
01961691	4667
02466132	4668
00046109	4669
03116767	4670
04934546	4671
09889941	4672
00601378	4673
00261604	4674
05639832	4675
00431893	4676
03487090	4677
08539893	4678
08539717	4679
07142566	4680
01741562	4681
01726692	4682
01152040	4683
02473431	4684
07204911	4685
06268784	4686
10305802	4687
10165109	4688
07705711	4689
02955247	4690
05219724	4691
08504594	4692
08683548	4693
00095971	4694
13993517	4695
10435716	4696
00481739	4697
08567877	4698
10273064	4699
01099592	4700
07436100	4701
01313411	4702
10494935	4703
10100124	4704
10451263	4705
01253665	4706
04015204	4707
04072193	4708
09387222	4709
02067540	4710
08556491	4711
01723224	4712
07253637	4713
00193130	4714
00327683	4715
01973125	4716
00897564	4717
14110411	4718
10210137	4719
02819697	4720
03387016	4721
10167565	4722
00907800	4723
09956578	4724
01240979	4725
00215314	4726
13982357	4727
03808564	4728
04649051	4729
07503430	4730
04561548	4731
00020090	4732
07128692	4733
13381734	4734
13377268	4735
09833997	4736
13480541	4737
07389569	4738
07200813	4739
00814850	4740
07407970	4741
00313987	4742
00514871	4743
08630985	4744
02730471	4745
02599939	4746
06946497	4747
01704236	4748
10064046	4749
15169248	4750
15228378	4751
00445467	4752
10769321	4753
07477945	4754
10211203	4755
00769092	4756
01447868	4757
00357023	4758
04907991	4759
07813107	4760
00963452	4761
03017070	4762
02518990	4763
01411085	4764
04497570	4765
03045337	4766
07961480	4767
02743112	4768
01173660	4769
00661213	4770
13541167	4771
02438535	4772
13255145	4773
00558061	4774
04857083	4775
07118554	4776
03420440	4777
04882622	4778
10136959	4779
01146793	4780
00795161	4781
00791078	4782
00547022	4783
00287258	4784
04313220	4785
10113997	4786
02992032	4787
02853016	4788
01158064	4789
00234892	4790
07335414	4791
04956594	4792
00335366	4793
01954341	4794
09802641	4795
06796506	4796
00952841	4797
02531199	4798
00788766	4799
01887076	4800
02688794	4801
04620558	4802
09898346	4803
04092168	4804
00788973	4805
10789118	4806
03542333	4807
06893885	4808
02422026	4809
07567139	4810
01877620	4811
08254195	4812
08253815	4813
05037813	4814
02510879	4815
08463647	4816
03001627	4817
08895497	4818
00320852	4819
01421622	4820
01883716	4821
07087777	4822
02465939	4823
02403920	4824
02269143	4825
02691156	4826
00245059	4827
00273690	4828
07066459	4829
10266328	4830
03599351	4831
01593254	4832
07961270	4833
08876975	4834
00624967	4835
00828082	4836
02147109	4837
09940146	4838
10349243	4839
09918248	4840
10373998	4841
02462602	4842
01316401	4843
00945401	4844
10742546	4845
02970408	4846
10697135	4847
10717921	4848
00197419	4849
06535222	4850
02593354	4851
04683136	4852
07371168	4853
03243625	4854
02346724	4855
01030022	4856
00505871	4857
00502415	4858
01688256	4859
04085017	4860
06736405	4861
00315390	4862
01687569	4863
00770543	4864
02801525	4865
03058603	4866
00889555	4867
08246613	4868
13858045	4869
13857486	4870
05820170	4871
01337653	4872
00856578	4873
01216670	4874
14002279	4875
00632438	4876
04802403	4877
02709906	4878
01165043	4879
00414179	4880
07473441	4881
00182213	4882
03273061	4883
02183787	4884
13875571	4885
03274561	4886
04470953	4887
01397210	4888
01787106	4889
01304121	4890
01277755	4891
04191943	4892
05654052	4893
00820801	4894
01011031	4895
15257692	4896
00783523	4897
01945381	4898
06505517	4899
04767805	4900
10743675	4901
00983824	4902
02028722	4903
08618379	4904
04332243	4905
15138401	4906
15137890	4907
09998907	4908
10024362	4909
04278605	4910
01589363	4911
05162455	4912
05161614	4913
04005630	4914
03111690	4915
00220115	4916
05524243	4917
06734467	4918
08891595	4919
10174695	4920
10186774	4921
00947719	4922
13382766	4923
13933841	4924
02148109	4925
00907919	4926
01061481	4927
14462666	4928
00625774	4929
04046810	4930
00403092	4931
01825237	4932
02836035	4933
06558277	4934
10744544	4935
01003570	4936
03363216	4937
04065464	4938
04561734	4939
01354405	4940
01082153	4941
01173826	4942
03816849	4943
08895928	4944
01029500	4945
00770141	4946
00483935	4947
00931467	4948
00015498	4949
00177186	4950
05161150	4951
07246742	4952
05068080	4953
13774404	4954
01524298	4955
14059663	4956
02262139	4957
13416345	4958
09437454	4959
02022359	4960
06365467	4961
02687172	4962
14477342	4963
14475661	4964
08876773	4965
08554440	4966
01139104	4967
07013736	4968
07013549	4969
05071368	4970
06889330	4971
02144835	4972
00547802	4973
00914343	4974
05611684	4975
05611302	4976
04476116	4977
13491876	4978
10159714	4979
05939432	4980
04236001	4981
03895866	4982
00091124	4983
03308297	4984
05832745	4985
04361641	4986
10383237	4987
01502654	4988
00404726	4989
04493505	4990
07129202	4991
00182269	4992
00787218	4993
02477334	4994
07703889	4995
01541579	4996
00274941	4997
15142836	4998
00564857	4999
01254051	5000
03062280	5001
02043501	5002
02653706	5003
05902327	5004
13424183	5005
00043609	5006
08167953	5007
08167365	5008
01526956	5009
03873064	5010
05042871	5011
01716882	5012
01927447	5013
09946957	5014
00048790	5015
06258680	5016
08410688	5017
08284481	5018
01167188	5019
01064999	5020
14943580	5021
01258828	5022
00025034	5023
00024814	5024
05145118	5025
03125870	5026
01180975	5027
10433737	5028
05088056	5029
05087297	5030
01277974	5031
02767433	5032
01989562	5033
01381549	5034
03327841	5035
01633173	5036
14873641	5037
15228267	5038
13779032	5039
13600822	5040
03547054	5041
03161450	5042
01167780	5043
03843555	5044
02822399	5045
04288272	5046
00900957	5047
06514093	5048
01406356	5049
02227487	5050
02693168	5051
10672662	5052
00930868	5053
00809465	5054
10388924	5055
03180504	5056
02503803	5057
04648749	5058
04143712	5059
02102840	5060
14424780	5061
01488245	5062
14705533	5063
08639776	5064
05920791	5065
01292534	5066
00583246	5067
00273319	5068
07175102	5069
15165490	5070
14598079	5071
14597413	5072
04069276	5073
00300441	5074
13840719	5075
01039162	5076
06773150	5077
00072586	5078
02025550	5079
06769392	5080
04953186	5081
01502762	5082
15224692	5083
15224486	5084
00479076	5085
01038538	5086
00590806	5087
00417001	5088
02672187	5089
04873550	5090
04688246	5091
03055159	5092
06481156	5093
02758753	5094
14599641	5095
10526096	5096
02527431	5097
00081671	5098
07453195	5099
08250635	5100
08188235	5101
08361001	5102
04595855	5103
00892861	5104
01668421	5105
02566015	5106
00604617	5107
02729965	5108
10028765	5109
04993882	5110
09916209	5111
09893015	5112
00222135	5113
07926127	5114
01004582	5115
05181199	5116
07014029	5117
08325851	5118
00853958	5119
04198797	5120
06149484	5121
06502378	5122
00285889	5123
01919711	5124
10027590	5125
00967157	5126
03431570	5127
04930307	5128
04928903	5129
09959258	5130
01262936	5131
07851054	5132
02738031	5133
02226013	5134
00102927	5135
00578116	5136
08555333	5137
04166841	5138
01651293	5139
05846355	5140
00962722	5141
09615211	5142
01056554	5143
08672562	5144
10096217	5145
00747757	5146
03696065	5147
00048225	5148
01134238	5149
01790383	5150
06321054	5151
00125633	5152
03118846	5153
02761557	5154
03302938	5155
05525628	5156
03793186	5157
06200010	5158
00975036	5159
01485839	5160
13622209	5161
13622035	5162
10060175	5163
00321486	5164
02329883	5165
01946408	5166
04188368	5167
00354634	5168
01111375	5169
05816622	5170
05516848	5171
13298011	5172
01180206	5173
06696483	5174
08875369	5175
00922438	5176
04216963	5177
07484265	5178
06540863	5179
05796750	5180
00872541	5181
00869583	5182
02343816	5183
05686955	5184
05686481	5185
00403609	5186
01099436	5187
04651974	5188
00682436	5189
01169067	5190
13650921	5191
13650447	5192
05768553	5193
02118242	5194
10021892	5195
01981279	5196
03972524	5197
13363970	5198
13359690	5199
01802721	5200
06399631	5201
00593837	5202
15293590	5203
01097192	5204
03351262	5205
02460483	5206
03815278	5207
01015104	5208
02066510	5209
00441824	5210
02423762	5211
03320046	5212
00614224	5213
04019101	5214
04870340	5215
02263788	5216
09879297	5217
01035199	5218
00281132	5219
00122338	5220
01912709	5221
00754942	5222
05108947	5223
04159354	5224
00592702	5225
05245626	5226
07434942	5227
01509079	5228
00667424	5229
00432839	5230
10641551	5231
02289295	5232
04272054	5233
14422488	5234
00840630	5235
01114303	5236
00891936	5237
00796886	5238
14421373	5239
13391452	5240
10765679	5241
00639975	5242
09609561	5243
00367768	5244
01454246	5245
00773285	5246
00272391	5247
05651971	5248
04645599	5249
01987228	5250
01157138	5251
08894319	5252
14440623	5253
10035430	5254
13649791	5255
02072501	5256
10180178	5257
00290579	5258
04422875	5259
01807529	5260
05694791	5261
08146782	5262
13758745	5263
06285090	5264
14008806	5265
09938672	5266
01696648	5267
03470387	5268
03340723	5269
13983304	5270
10409011	5271
04216634	5272
00270215	5273
00742645	5274
01665638	5275
10453357	5276
00040353	5277
04862592	5278
03330947	5279
00171618	5280
00171249	5281
02160552	5282
02636132	5283
03683708	5284
02933462	5285
02337699	5286
03544360	5287
06811625	5288
06882561	5289
07843775	5290
03101156	5291
14463826	5292
00593613	5293
04695963	5294
10622053	5295
10202363	5296
03684823	5297
00588473	5298
01122149	5299
04606574	5300
00999787	5301
00325785	5302
00319939	5303
00915722	5304
00087218	5305
13794034	5306
09411430	5307
10214390	5308
00155487	5309
14687513	5310
04994413	5311
04666615	5312
00427580	5313
10635460	5314
02267529	5315
02310895	5316
13290676	5317
01380122	5318
00746587	5319
02629793	5320
06253371	5321
02313250	5322
02213690	5323
01054399	5324
00416399	5325
10071332	5326
01197338	5327
02518178	5328
13384877	5329
02069551	5330
08511970	5331
00363788	5332
00884778	5333
02684644	5334
01079873	5335
07184149	5336
09218641	5337
14868243	5338
00451838	5339
01002677	5340
08346655	5341
03953743	5342
02700064	5343
03433877	5344
09797113	5345
07362386	5346
02529772	5347
01428580	5348
04218564	5349
02742468	5350
01949110	5351
10143172	5352
14038993	5353
13385913	5354
03200701	5355
02469443	5356
06364149	5357
01538469	5358
10402086	5359
05074374	5360
08518171	5361
02193194	5362
00677544	5363
04532106	5364
03277771	5365
13473097	5366
15171008	5367
15158816	5368
09622049	5369
01327301	5370
15258281	5371
01300437	5372
00714273	5373
02689299	5374
08891889	5375
10275249	5376
00584954	5377
14525548	5378
06263609	5379
01609287	5380
11498040	5381
15246853	5382
15122231	5383
00851103	5384
04815321	5385
07305234	5386
02456031	5387
10150071	5388
07236759	5389
02159117	5390
08887841	5391
01847845	5392
10610465	5393
04940964	5394
04322026	5395
00815173	5396
15224293	5397
01809655	5398
08612340	5399
02696801	5400
00222376	5401
01258302	5402
00340989	5403
00746084	5404
03472796	5405
01222645	5406
02635794	5407
07959943	5408
00765193	5409
01566490	5410
00330457	5411
10637038	5412
14974264	5413
02818832	5414
04590553	5415
02334302	5416
10562968	5417
02027411	5418
00413239	5419
01022178	5420
06726158	5421
01069578	5422
14426449	5423
02727462	5424
06471345	5425
03863923	5426
07070429	5427
05539012	5428
01081505	5429
06767693	5430
00293916	5431
09326662	5432
00636574	5433
09923673	5434
04898208	5435
03308853	5436
00564695	5437
00406612	5438
01576917	5439
06534659	5440
00844994	5441
07098193	5442
07475364	5443
06163751	5444
05236322	5445
06483454	5446
04495051	5447
04101701	5448
05044673	5449
02644622	5450
00627410	5451
00729378	5452
09845999	5453
06400271	5454
15146004	5455
06201042	5456
05704266	5457
13298935	5458
13298701	5459
04347519	5460
03701391	5461
04154152	5462
15152062	5463
00511041	5464
00405079	5465
00290302	5466
00818553	5467
02677332	5468
02020413	5469
02223479	5470
00297404	5471
07711080	5472
09328904	5473
00978369	5474
02058756	5475
09999795	5476
07540866	5477
01905121	5478
00421535	5479
02109190	5480
04384406	5481
04201733	5482
01128655	5483
02902079	5484
04008947	5485
03616763	5486
10298647	5487
02671780	5488
14313154	5489
06251781	5490
01182654	5491
00504975	5492
08041840	5493
00335814	5494
01517515	5495
01270199	5496
00608978	5497
03648219	5498
04580298	5499
09770472	5500
04395875	5501
04691178	5502
00716130	5503
05456732	5504
14599168	5505
13875185	5506
02344381	5507
00026385	5508
01804414	5509
08893223	5510
09991867	5511
01950128	5512
05636048	5513
00257770	5514
04063868	5515
02227741	5516
00204439	5517
01149911	5518
01466543	5519
10013242	5520
08392137	5521
00390560	5522
00013328	5523
03397532	5524
01861403	5525
04162998	5526
13777764	5527
10388732	5528
00802629	5529
01201021	5530
01911698	5531
00019131	5532
07294019	5533
02059916	5534
02237024	5535
01069809	5536
02249741	5537
01121855	5538
00108303	5539
13577171	5540
02741357	5541
00016380	5542
02644234	5543
10068234	5544
02258600	5545
00440286	5546
15169421	5547
08167779	5548
00052374	5549
06135915	5550
03175081	5551
00595684	5552
00566298	5553
00566135	5554
01699539	5555
07187150	5556
03823540	5557
01233993	5558
04105068	5559
01480469	5560
02206619	5561
02619424	5562
05062748	5563
13254985	5564
02984699	5565
07472657	5566
07456188	5567
10406072	5568
00651954	5569
01954852	5570
01186192	5571
08013453	5572
08873412	5573
15049594	5574
09351547	5575
09397391	5576
01536168	5577
01798452	5578
01689379	5579
02687251	5580
04554684	5581
07516354	5582
01797730	5583
00574218	5584
00847340	5585
00435853	5586
10039391	5587
00482298	5588
05513020	5589
05625465	5590
01731351	5591
15119536	5592
07312221	5593
09791530	5594
05258299	5595
00345149	5596
10168012	5597
03619396	5598
01680132	5599
01679980	5600
01153548	5601
02632940	5602
02483267	5603
07364700	5604
05355527	5605
00690501	5606
09892831	5607
00675701	5608
15274863	5609
00429322	5610
06777794	5611
00289082	5612
10506762	5613
01362736	5614
00589309	5615
05614657	5616
10095869	5617
06732925	5618
02353537	5619
03561169	5620
13829047	5621
00297906	5622
15129927	5623
13341756	5624
01216191	5625
01186810	5626
07073447	5627
02051270	5628
00842538	5629
00985106	5630
00066901	5631
08688247	5632
03010473	5633
00842997	5634
02278830	5635
10276045	5636
04453910	5637
05829480	5638
04135315	5639
00216038	5640
10014939	5641
01979901	5642
03560567	5643
04858785	5644
04858455	5645
08382056	5646
08381820	5647
01665081	5648
00846462	5649
01235859	5650
08504851	5651
00297062	5652
15200661	5653
06790042	5654
00865387	5655
01505991	5656
07168623	5657
00418615	5658
04299699	5659
00536304	5660
00122661	5661
04701460	5662
14428160	5663
02642634	5664
13459088	5665
03709644	5666
04287153	5667
07442068	5668
07194499	5669
04361095	5670
03136051	5671
00869126	5672
08166318	5673
09624980	5674
03295928	5675
03499142	5676
02685951	5677
03773035	5678
04767347	5679
10180580	5680
00039488	5681
01547390	5682
10226803	5683
13313733	5684
03113835	5685
03483637	5686
02889425	5687
01398941	5688
05755486	5689
13469674	5690
10087736	5691
01434822	5692
03931044	5693
00349886	5694
01306654	5695
02156532	5696
09208496	5697
04222847	5698
02817799	5699
07168486	5700
06196284	5701
03944672	5702
00017282	5703
06873571	5704
05769833	5705
05279026	5706
09826074	5707
03088707	5708
03338287	5709
03175604	5710
06529879	5711
00076393	5712
00580370	5713
01523986	5714
15273955	5715
00188466	5716
02979662	5717
00365647	5718
04175380	5719
00236289	5720
04120339	5721
10402824	5722
07334876	5723
09280380	5724
09274500	5725
01243661	5726
15295416	5727
02281485	5728
00052500	5729
06771653	5730
13828905	5731
05796937	5732
01724185	5733
03686130	5734
03365991	5735
02667228	5736
02703952	5737
09833441	5738
00985921	5739
02686625	5740
02052476	5741
01128390	5742
00395333	5743
00471711	5744
09243769	5745
08036849	5746
05010801	5747
05010627	5748
02342132	5749
03441345	5750
09757653	5751
07351909	5752
13757724	5753
10000007	5754
04218773	5755
00747029	5756
02512053	5757
04660080	5758
06472242	5759
07137129	5760
07012534	5761
04447443	5762
05765901	5763
00838816	5764
08046759	5765
01105186	5766
09782167	5767
02088627	5768
01438304	5769
06518253	5770
06518068	5771
03366721	5772
03965907	5773
00453935	5774
00433661	5775
08078020	5776
00449692	5777
00197610	5778
00414174	5779
01252280	5780
02368787	5781
02465929	5782
06513764	5783
07991364	5784
02023600	5785
02472033	5786
00312784	5787
03430959	5788
02334756	5789
04566257	5790
09768830	5791
00811171	5792
02828648	5793
02584475	5794
06181584	5795
13610162	5796
10041887	5797
03579355	5798
01693727	5799
05202284	5800
13515958	5801
00616361	5802
07242324	5803
00234725	5804
02733524	5805
03615133	5806
13282007	5807
02153203	5808
02152991	5809
00539110	5810
07376937	5811
07241205	5812
05557839	5813
00120010	5814
00309115	5815
04357121	5816
02694426	5817
02205272	5818
00118523	5819
10255567	5820
05172596	5821
01318478	5822
04666837	5823
00475787	5824
07182485	5825
10308732	5826
00741272	5827
09607280	5828
10252674	5829
01918803	5830
07368256	5831
08544813	5832
03049457	5833
00013615	5834
01068633	5835
01532329	5836
01418179	5837
01073655	5838
03769967	5839
03770085	5840
02899439	5841
02911158	5842
10512982	5843
05554405	5844
05554051	5845
02025353	5846
13779374	5847
00828237	5848
09830400	5849
02928413	5850
01498713	5851
15137676	5852
00634586	5853
10498422	5854
00865600	5855
07519040	5856
14431169	5857
07556970	5858
03638883	5859
02668523	5860
00565302	5861
00995119	5862
03199901	5863
00913705	5864
00208836	5865
02570267	5866
14560360	5867
13994148	5868
15163797	5869
00624801	5870
04980656	5871
06890846	5872
06887726	5873
13533886	5874
09918554	5875
02532595	5876
02804590	5877
07450549	5878
14539268	5879
14538472	5880
14473222	5881
00605086	5882
00888796	5883
04461696	5884
03424630	5885
09822955	5886
14436029	5887
07231294	5888
03650173	5889
07289956	5890
07307477	5891
00267349	5892
02357693	5893
10659188	5894
07148192	5895
02571251	5896
02122580	5897
14493716	5898
02105990	5899
00430191	5900
15160866	5901
15184170	5902
09758781	5903
10245639	5904
10034785	5905
00024279	5906
10249270	5907
02225911	5908
08482577	5909
08337324	5910
02482425	5911
07433145	5912
00874977	5913
04151581	5914
08183398	5915
01105909	5916
10491575	5917
13603305	5918
15259284	5919
15254028	5920
00471196	5921
03471974	5922
03265874	5923
01329026	5924
02360448	5925
14530061	5926
04700642	5927
03863262	5928
03121897	5929
01203676	5930
00173283	5931
01227675	5932
00581812	5933
01350994	5934
06753299	5935
13484303	5936
00844298	5937
01037303	5938
01050187	5939
15237567	5940
07072698	5941
04024862	5942
00460900	5943
00437125	5944
04236377	5945
05009170	5946
00269258	5947
02768431	5948
01538928	5949
07486229	5950
01342529	5951
01280488	5952
14035909	5953
10601526	5954
02446819	5955
00072261	5956
07752264	5957
01143279	5958
05060476	5959
00792991	5960
07106502	5961
08266235	5962
14361182	5963
01236795	5964
02454649	5965
08892766	5966
00943563	5967
04441528	5968
07185325	5969
02592250	5970
09302616	5971
01389776	5972
05514717	5973
00540946	5974
00946499	5975
00124880	5976
01807314	5977
02870092	5978
03906590	5979
08513163	5980
10502576	5981
02702830	5982
00756338	5983
01700934	5984
03498316	5985
03109693	5986
00416135	5987
10051975	5988
05523269	5989
07313814	5990
06695227	5991
01452255	5992
03764822	5993
08261589	5994
08256968	5995
04554211	5996
02752931	5997
08366202	5998
04992163	5999
09887850	6000
02487573	6001
13417410	6002
13398241	6003
07921834	6004
09835506	6005
02936281	6006
02935658	6007
01219075	6008
01837744	6009
13446390	6010
02493030	6011
04912732	6012
01569566	6013
00240938	6014
05044822	6015
02822579	6016
00080304	6017
05913275	6018
00063652	6019
01104406	6020
10752930	6021
10508475	6022
07500414	6023
02464725	6024
13296089	6025
05246796	6026
06795746	6027
03907654	6028
07722485	6029
07722217	6030
00606093	6031
02044278	6032
05826469	6033
00470084	6034
00083523	6035
04333129	6036
01049266	6037
02158896	6038
03574555	6039
06960566	6040
00014405	6041
06313457	6042
07518468	6043
07518261	6044
02545045	6045
03612814	6046
10389398	6047
13240514	6048
10058777	6049
01971280	6050
00040685	6051
14405774	6052
05794694	6053
09814567	6054
02547225	6055
07835051	6056
08548733	6057
02770830	6058
01224517	6059
11515051	6060
03109881	6061
03641706	6062
01454636	6063
09627906	6064
01061320	6065
01181902	6066
02336483	6067
14490110	6068
00407633	6069
10489944	6070
00700652	6071
01144876	6072
07901587	6073
00971463	6074
00056188	6075
02463141	6076
01930738	6077
10727016	6078
15169136	6079
09980275	6080
00590047	6081
03537550	6082
01133106	6083
07331013	6084
05767733	6085
02675458	6086
01329141	6087
01239868	6088
01778990	6089
00702601	6090
01277784	6091
01184058	6092
00261533	6093
07362218	6094
02590910	6095
10788852	6096
00259927	6097
02620213	6098
01547641	6099
00630802	6100
02746365	6101
00239024	6102
01401772	6103
10154601	6104
04802629	6105
05421723	6106
00920778	6107
01217859	6108
03568117	6109
00258857	6110
00931721	6111
00854150	6112
15248564	6113
15068436	6114
00417859	6115
06607339	6116
00113818	6117
08877208	6118
03772077	6119
02984061	6120
10520804	6121
02446651	6122
00828779	6123
15170786	6124
00094312	6125
04520480	6126
10255096	6127
13920429	6128
08438067	6129
13558490	6130
00107875	6131
00106272	6132
10293332	6133
01924505	6134
06778777	6135
07240925	6136
06148148	6137
03976657	6138
10562283	6139
09313716	6140
06511560	6141
10419630	6142
01919391	6143
15299225	6144
10423225	6145
10191192	6146
03963483	6147
01436518	6148
03686658	6149
00607542	6150
02891188	6151
01862386	6152
01013040	6153
07153727	6154
02464342	6155
15118453	6156
03133538	6157
04822223	6158
03380461	6159
03961939	6160
01150981	6161
02453692	6162
04115456	6163
10671613	6164
00651630	6165
09435965	6166
00772813	6167
04659090	6168
04944048	6169
04362025	6170
13889843	6171
00647929	6172
10395390	6173
00343700	6174
03008207	6175
10512562	6176
01972131	6177
10657556	6178
10657835	6179
08397255	6180
00964694	6181
00372958	6182
01182024	6183
07569423	6184
07569106	6185
05219923	6186
03216562	6187
03519578	6188
03519981	6189
02585489	6190
01844859	6191
02713594	6192
02137710	6193
00390842	6194
08153874	6195
10502046	6196
01083044	6197
07540602	6198
04811126	6199
10249459	6200
01152396	6201
02975212	6202
02873244	6203
00597629	6204
05892651	6205
07370125	6206
09636339	6207
09636106	6208
02447001	6209
03350602	6210
08587828	6211
08628921	6212
02679788	6213
13427078	6214
04907269	6215
09285254	6216
11418750	6217
00561036	6218
00713250	6219
01736822	6220
07885937	6221
08591269	6222
00036362	6223
05710020	6224
02518324	6225
00828901	6226
03671473	6227
06761099	6228
00021766	6229
02178866	6230
10001217	6231
04770911	6232
01233156	6233
07577772	6234
01660994	6235
01177314	6236
10775379	6237
07414566	6238
13566212	6239
01215851	6240
10026553	6241
13650045	6242
00708980	6243
02022162	6244
05623181	6245
09688008	6246
00216174	6247
05245906	6248
10500942	6249
01022906	6250
10523076	6251
00125078	6252
00919424	6253
03429288	6254
01103159	6255
07411160	6256
04446844	6257
03422589	6258
01838651	6259
15233989	6260
04580493	6261
00314782	6262
06789411	6263
05943300	6264
03719053	6265
03718581	6266
06716796	6267
02799897	6268
04465933	6269
04170037	6270
10469346	6271
06950528	6272
01493897	6273
01852701	6274
02062670	6275
14509712	6276
01101958	6277
00954311	6278
06961399	6279
06709533	6280
10036266	6281
07174877	6282
02212825	6283
01097743	6284
01474550	6285
14462946	6286
06608143	6287
03821660	6288
03772269	6289
00296946	6290
06624161	6291
14416473	6292
14416089	6293
10209731	6294
01134861	6295
13623054	6296
03659809	6297
00627091	6298
00624476	6299
14706026	6300
00887081	6301
05002822	6302
05706228	6303
10546633	6304
07883860	6305
07521039	6306
13556509	6307
00298767	6308
01177583	6309
08540532	6310
01525720	6311
01524359	6312
01336159	6313
00232386	6314
04447028	6315
14299336	6316
04472726	6317
02331919	6318
00514128	6319
10216106	6320
08549480	6321
07362075	6322
00646833	6323
02635956	6324
09927305	6325
10592152	6326
05684440	6327
05683582	6328
00228535	6329
10408324	6330
02034671	6331
09504915	6332
02058794	6333
13931436	6334
05525100	6335
07847453	6336
00724029	6337
13421462	6338
14213328	6339
04257790	6340
08033194	6341
03313602	6342
01093085	6343
00367552	6344
15133621	6345
07375214	6346
10597234	6347
01343892	6348
02398463	6349
06817782	6350
09217230	6351
10516692	6352
06756831	6353
09221070	6354
05207130	6355
02021532	6356
01416193	6357
00611143	6358
02798574	6359
14561618	6360
04257986	6361
04398497	6362
04081281	6363
08278169	6364
01752167	6365
03956922	6366
10162354	6367
00350030	6368
00588598	6369
01614581	6370
10378780	6371
08875547	6372
13937554	6373
04063373	6374
00275843	6375
02382948	6376
03971422	6377
04667406	6378
10022645	6379
00415988	6380
00415676	6381
13345286	6382
10257221	6383
02774630	6384
10004804	6385
04821084	6386
00495808	6387
00749574	6388
00373544	6389
04162706	6390
04125853	6391
13418047	6392
07635155	6393
00506952	6394
04041069	6395
05641959	6396
02311260	6397
00228236	6398
04306080	6399
01893988	6400
01674717	6401
00609236	6402
01248191	6403
03656484	6404
03851341	6405
00613683	6406
00281752	6407
09954479	6408
00867231	6409
10570019	6410
02511424	6411
02868916	6412
00410247	6413
00974367	6414
10437014	6415
09800964	6416
15257553	6417
01392080	6418
13793776	6419
02301825	6420
06471737	6421
04881829	6422
07886849	6423
07886572	6424
05457973	6425
03237639	6426
00284930	6427
07209305	6428
07950418	6429
00951037	6430
00403401	6431
04997988	6432
07199191	6433
06343520	6434
14414294	6435
02945161	6436
07313004	6437
02559862	6438
02912065	6439
06056923	6440
01666894	6441
10365984	6442
03390983	6443
00433458	6444
10229498	6445
10702615	6446
13815152	6447
04640927	6448
00334509	6449
13289467	6450
07612632	6451
04085873	6452
01271658	6453
04242704	6454
10216403	6455
00468791	6456
07673397	6457
07672135	6458
00589217	6459
09937903	6460
02017937	6461
10636598	6462
04020617	6463
03282933	6464
06764623	6465
09790278	6466
06874185	6467
07120364	6468
01233027	6469
10678472	6470
10792178	6471
10638136	6472
02153959	6473
02153445	6474
13925550	6475
04066023	6476
02452885	6477
10675481	6478
02241767	6479
00550771	6480
01814396	6481
10733999	6482
10643837	6483
05557339	6484
06760722	6485
02126022	6486
07355491	6487
00727991	6488
00419950	6489
10208287	6490
02749247	6491
01876530	6492
08439955	6493
00714531	6494
05812038	6495
04508062	6496
09272468	6497
01889610	6498
14455206	6499
00591858	6500
10690849	6501
04447861	6502
10771392	6503
10690421	6504
10726786	6505
00032823	6506
01301051	6507
08495617	6508
01504298	6509
10538272	6510
07947958	6511
07959269	6512
03458961	6513
05922949	6514
03679712	6515
02195470	6516
13712428	6517
00223720	6518
09994119	6519
03932670	6520
08009834	6521
03309465	6522
03993180	6523
02326695	6524
07518663	6525
00105164	6526
01512465	6527
02772868	6528
05798043	6529
00306900	6530
01298283	6531
03960950	6532
10507070	6533
02851550	6534
00144445	6535
03588414	6536
03000447	6537
06761603	6538
02593001	6539
00534849	6540
00532110	6541
13752172	6542
10785695	6543
00341548	6544
00898804	6545
01250335	6546
06610332	6547
00248368	6548
04626705	6549
04781967	6550
01079172	6551
05615147	6552
01190840	6553
05003423	6554
09354511	6555
02159197	6556
04031884	6557
00653620	6558
02774152	6559
00514396	6560
05622456	6561
00955987	6562
01017320	6563
14481929	6564
04017429	6565
05626618	6566
05625879	6567
04244379	6568
08168117	6569
07411350	6570
10117017	6571
04328946	6572
00023383	6573
02188699	6574
10093908	6575
00550242	6576
01457206	6577
04190052	6578
02827883	6579
04718563	6580
04715487	6581
13719410	6582
13608788	6583
10213180	6584
02059462	6585
07670731	6586
01821266	6587
00185857	6588
00540235	6589
02546467	6590
03395859	6591
11465017	6592
00923444	6593
01646528	6594
00716055	6595
03138981	6596
00130778	6597
00924612	6598
07795598	6599
07551052	6600
05527848	6601
07860208	6602
03199647	6603
07221094	6604
02581073	6605
04535524	6606
00748011	6607
03424862	6608
00168237	6609
07523905	6610
00629257	6611
04390873	6612
03691459	6613
10538154	6614
04954683	6615
14015731	6616
00276601	6617
02273922	6618
01262713	6619
02730568	6620
02592397	6621
07631212	6622
00751779	6623
10607706	6624
02520147	6625
04598582	6626
09409203	6627
07255299	6628
00758972	6629
10645854	6630
07310507	6631
05243879	6632
00104539	6633
03619890	6634
14375576	6635
06637824	6636
02215001	6637
00450866	6638
15291498	6639
02397460	6640
00724492	6641
00546389	6642
07065932	6643
07062697	6644
06371267	6645
06904171	6646
00876442	6647
02092309	6648
08878016	6649
02337066	6650
01232412	6651
07172756	6652
00086809	6653
13314936	6654
13308999	6655
13505987	6656
10208189	6657
04842993	6658
04440749	6659
13409647	6660
13409160	6661
00298161	6662
04304375	6663
03562126	6664
00594374	6665
00910203	6666
02827606	6667
00169458	6668
11473138	6669
10488016	6670
02702120	6671
14755804	6672
08382297	6673
10700105	6674
04263760	6675
09937489	6676
00712419	6677
03042697	6678
03700963	6679
00066397	6680
00475996	6681
03613592	6682
04240576	6683
13554343	6684
10661563	6685
05905348	6686
09366017	6687
03949442	6688
00420477	6689
03033362	6690
00802136	6691
03537412	6692
00038262	6693
09701603	6694
00363493	6695
06478582	6696
02685665	6697
00804002	6698
05701738	6699
02715513	6700
08543081	6701
05070849	6702
00443384	6703
07512465	6704
09863339	6705
13941125	6706
05824739	6707
02209499	6708
13246662	6709
13246475	6710
09758173	6711
06201136	6712
00969137	6713
05708432	6714
00290406	6715
07205946	6716
00499642	6717
10393909	6718
10613387	6719
06264176	6720
00601783	6721
04879340	6722
01819147	6723
06185748	6724
10149527	6725
10227266	6726
05644922	6727
02665282	6728
01225461	6729
02165543	6730
02326198	6731
03461385	6732
00263813	6733
09430771	6734
06169285	6735
09904057	6736
10003120	6737
08311687	6738
13408023	6739
05723417	6740
02690093	6741
02914991	6742
00617989	6743
03134015	6744
05636402	6745
13983147	6746
04950126	6747
01910373	6748
07556872	6749
07596684	6750
10762064	6751
01058049	6752
10503452	6753
05123760	6754
07503260	6755
03065685	6756
13712592	6757
14493145	6758
14488317	6759
10753182	6760
04596852	6761
04032242	6762
02958126	6763
00084371	6764
05786655	6765
07246582	6766
07678193	6767
07677593	6768
11480698	6769
03282060	6770
09607630	6771
00514658	6772
02190632	6773
09625401	6774
01135795	6775
00220023	6776
04120842	6777
00735571	6778
00220461	6779
00335653	6780
01349130	6781
05098942	6782
02228698	6783
00124442	6784
10032676	6785
04997472	6786
04305323	6787
01966706	6788
10644598	6789
02922159	6790
13889602	6791
13493998	6792
05187446	6793
09840050	6794
08569165	6795
00335923	6796
00764222	6797
02261386	6798
01531742	6799
03457686	6800
01058880	6801
02388143	6802
02559199	6803
14052403	6804
08549733	6805
05833252	6806
03142679	6807
01259005	6808
14064408	6809
09962789	6810
10311021	6811
00388210	6812
03670849	6813
04747899	6814
02759963	6815
02518488	6816
04341133	6817
04329477	6818
10638385	6819
07590611	6820
00307314	6821
06478734	6822
00341695	6823
06797169	6824
09865954	6825
10215623	6826
05994935	6827
02760429	6828
04516874	6829
05640433	6830
00897989	6831
05635624	6832
02023341	6833
03781787	6834
02241621	6835
03757723	6836
09637512	6837
00579712	6838
05638778	6839
00759501	6840
04585456	6841
10102369	6842
04267577	6843
07269916	6844
00944449	6845
04586421	6846
00333366	6847
08252602	6848
07913081	6849
13286801	6850
00817680	6851
00593108	6852
10596899	6853
03163222	6854
02536329	6855
03119510	6856
10548227	6857
05331404	6858
03541696	6859
07810907	6860
04651784	6861
02676261	6862
08160276	6863
03566329	6864
01382086	6865
13766896	6866
00461354	6867
04878861	6868
07620485	6869
07620327	6870
03777126	6871
04751305	6872
14868564	6873
02685365	6874
03061505	6875
00271946	6876
03238131	6877
04874672	6878
10607933	6879
10682380	6880
00874621	6881
07539511	6882
08325530	6883
06684572	6884
07575510	6885
04466386	6886
15167027	6887
01500082	6888
10013614	6889
02688443	6890
09483738	6891
10569744	6892
10419472	6893
15290337	6894
01349318	6895
00264529	6896
00264366	6897
07597145	6898
06364641	6899
01789386	6900
03357376	6901
02478584	6902
02700455	6903
09468237	6904
00592795	6905
03430091	6906
00606335	6907
08874469	6908
08546183	6909
01263479	6910
00205543	6911
01234345	6912
05639651	6913
00368847	6914
02744323	6915
15160418	6916
06489659	6917
04751098	6918
04412901	6919
02958017	6920
00702226	6921
14477667	6922
02212646	6923
02155248	6924
07889814	6925
03470222	6926
15167906	6927
13325382	6928
01203715	6929
08431721	6930
04413969	6931
00784727	6932
02894605	6933
02466111	6934
06338908	6935
08049125	6936
02348182	6937
04550426	6938
05715150	6939
01276970	6940
02038791	6941
07710007	6942
15290132	6943
04283378	6944
07573241	6945
07573103	6946
00730538	6947
00468583	6948
13408641	6949
07319103	6950
08524130	6951
00208210	6952
06003682	6953
08879197	6954
13315077	6955
13926932	6956
13925752	6957
04497005	6958
03453809	6959
07634901	6960
06768735	6961
06554981	6962
03502509	6963
04188064	6964
05554804	6965
04339291	6966
05382729	6967
11197099	6968
07979425	6969
02371811	6970
08367100	6971
10184822	6972
05695554	6973
07301336	6974
01567133	6975
05846932	6976
03479397	6977
13252062	6978
04392764	6979
00945916	6980
15222686	6981
08437968	6982
08437515	6983
07618871	6984
02501738	6985
15244351	6986
15242955	6987
06596179	6988
00085432	6989
14966667	6990
06047430	6991
00962567	6992
04881623	6993
07572957	6994
02089420	6995
04500060	6996
07869937	6997
13756125	6998
00088481	6999
07039478	7000
08453464	7001
01251928	7002
10182499	7003
01118614	7004
05616786	7005
06513953	7006
01321579	7007
02880008	7008
04314522	7009
03697109	7010
04381994	7011
13390857	7012
07432973	7013
06873252	7014
00692143	7015
08278924	7016
01164273	7017
10756641	7018
03459775	7019
03191776	7020
09942871	7021
00278551	7022
14489113	7023
02991463	7024
09757944	7025
06200741	7026
10064229	7027
01527271	7028
00479734	7029
08347206	7030
05219297	7031
03984381	7032
13359941	7033
01971094	7034
04709253	7035
01419473	7036
10560352	7037
04577293	7038
07939382	7039
00211776	7040
00645771	7041
04657876	7042
06610436	7043
13618180	7044
07071483	7045
08626522	7046
03654826	7047
06650701	7048
01661818	7049
01560984	7050
00555447	7051
00510922	7052
10324357	7053
08638260	7054
07620145	7055
10539715	7056
07965937	7057
11507321	7058
07677860	7059
01503268	7060
02129709	7061
01024392	7062
04585745	7063
07069948	7064
10191001	7065
03101796	7066
05136150	7067
01590007	7068
10034614	7069
01087740	7070
03078287	7071
03040836	7072
07674749	7073
09873348	7074
04217546	7075
03352961	7076
07459642	7077
08293982	7078
15257416	7079
13393427	7080
07161429	7081
04405540	7082
03891051	7083
